"Sens Factor =3.3803dB, AGain =18dB, SERNO: 7079072"
10.054	-3.5387
10.179	-3.3894
10.306	-3.2434
10.434	-3.1005
10.564	-2.9608
10.696	-2.8242
10.829	-2.6908
10.964	-2.5604
11.1	-2.4329
11.238	-2.3085
11.378	-2.1871
11.52	-2.0686
11.663	-1.9530
11.809	-1.8404
11.956	-1.7305
12.104	-1.6233
12.255	-1.5191
12.408	-1.4175
12.562	-1.3187
12.718	-1.2224
12.877	-1.1290
13.037	-1.0380
13.199	-0.9496
13.364	-0.8639
13.53	-0.7806
13.698	-0.6997
13.869	-0.6214
14.042	-0.5455
14.216	-0.4719
14.393	-0.4007
14.573	-0.3319
14.754	-0.2653
14.938	-0.2010
15.124	-0.1389
15.312	-0.0790
15.503	-0.0212
15.696	0.0344
15.891	0.0879
16.089	0.1394
16.289	0.1888
16.492	0.2363
16.697	0.2818
16.905	0.3253
17.115	0.3669
17.328	0.4067
17.544	0.4446
17.763	0.4807
17.984	0.5151
18.208	0.5477
18.434	0.5786
18.664	0.6078
18.896	0.6354
19.131	0.6614
19.369	0.6858
19.611	0.7085
19.855	0.7299
20.102	0.7497
20.352	0.7681
20.605	0.7851
20.862	0.8007
21.122	0.8149
21.385	0.8278
21.651	0.8394
21.92	0.8498
22.193	0.8589
22.47	0.8668
22.749	0.8737
23.032	0.8793
23.319	0.8839
23.609	0.8874
23.903	0.8898
24.201	0.8913
24.502	0.8918
24.807	0.8914
25.116	0.8900
25.429	0.8878
25.745	0.8848
26.066	0.8809
26.39	0.8763
26.719	0.8709
27.051	0.8648
27.388	0.8581
27.729	0.8507
28.074	0.8426
28.424	0.8340
28.778	0.8249
29.136	0.8152
29.499	0.8051
29.866	0.7945
30.238	0.7835
30.614	0.7721
30.995	0.7603
31.381	0.7483
31.772	0.7359
32.167	0.7233
32.568	0.7104
32.973	0.6974
33.383	0.6842
33.799	0.6708
34.22	0.6574
34.646	0.6439
35.077	0.6304
35.514	0.6165
35.956	0.6025
36.403	0.5887
36.857	0.5754
37.315	0.5628
37.78	0.5507
38.25	0.5389
38.726	0.5272
39.209	0.5152
39.697	0.5024
40.191	0.4889
40.691	0.4748
41.198	0.4603
41.711	0.4457
42.23	0.4314
42.756	0.4180
43.288	0.4057
43.827	0.3947
44.372	0.3852
44.925	0.3774
45.484	0.3714
46.05	0.3671
46.623	0.3643
47.204	0.3627
47.791	0.3620
48.386	0.3616
48.989	0.3613
49.599	0.3608
50.216	0.3598
50.841	0.3581
51.474	0.3555
52.115	0.3517
52.764	0.3465
53.42	0.3396
54.085	0.3309
54.759	0.3206
55.44	0.3091
56.131	0.2964
56.829	0.2830
57.537	0.2690
58.253	0.2549
58.978	0.2407
59.712	0.2266
60.456	0.2127
61.208	0.1989
61.97	0.1852
62.742	0.1718
63.523	0.1588
64.314	0.1464
65.114	0.1351
65.925	0.1254
66.745	0.1175
67.576	0.1114
68.418	0.1071
69.269	0.1045
70.132	0.1034
71.005	0.1031
71.889	0.1034
72.784	0.1037
73.69	0.1036
74.607	0.1026
75.536	0.1004
76.476	0.0967
77.428	0.0916
78.392	0.0852
79.368	0.0779
80.356	0.0702
81.356	0.0621
82.369	0.0539
83.394	0.0455
84.433	0.0369
85.484	0.0279
86.548	0.0184
87.625	0.0084
88.716	-0.0019
89.82	-0.0122
90.939	-0.0220
92.071	-0.0310
93.217	-0.0390
94.377	-0.0459
95.552	-0.0517
96.742	-0.0568
97.946	-0.0615
99.165	-0.0660
100.4	-0.0707
101.65	-0.0757
102.915	-0.0813
104.196	-0.0873
105.493	-0.0937
106.806	-0.1004
108.136	-0.1074
109.482	-0.1146
110.845	-0.1221
112.225	-0.1300
113.622	-0.1384
115.037	-0.1474
116.469	-0.1571
117.919	-0.1674
119.386	-0.1783
120.873	-0.1895
122.377	-0.2007
123.901	-0.2116
125.443	-0.2219
127.005	-0.2315
128.586	-0.2401
130.187	-0.2480
131.807	-0.2550
133.448	-0.2612
135.109	-0.2668
136.791	-0.2718
138.494	-0.2761
140.218	-0.2797
141.964	-0.2826
143.731	-0.2848
145.52	-0.2865
147.332	-0.2879
149.166	-0.2891
151.023	-0.2902
152.903	-0.2915
154.806	-0.2931
156.734	-0.2949
158.685	-0.2970
160.66	-0.2994
162.66	-0.3021
164.685	-0.3049
166.735	-0.3077
168.811	-0.3105
170.912	-0.3135
173.04	-0.3166
175.194	-0.3199
177.375	-0.3235
179.583	-0.3271
181.819	-0.3307
184.082	-0.3340
186.374	-0.3368
188.694	-0.3390
191.043	-0.3408
193.421	-0.3424
195.829	-0.3437
198.267	-0.3450
200.735	-0.3461
203.234	-0.3472
205.764	-0.3484
208.325	-0.3496
210.919	-0.3512
213.544	-0.3530
216.203	-0.3551
218.894	-0.3573
221.619	-0.3598
224.378	-0.3622
227.171	-0.3645
229.999	-0.3667
232.862	-0.3688
235.761	-0.3708
238.696	-0.3727
241.668	-0.3743
244.676	-0.3756
247.722	-0.3766
250.806	-0.3776
253.928	-0.3783
257.089	-0.3789
260.29	-0.3792
263.53	-0.3790
266.81	-0.3783
270.132	-0.3774
273.495	-0.3765
276.899	-0.3757
280.346	-0.3751
283.836	-0.3744
287.37	-0.3737
290.947	-0.3727
294.569	-0.3715
298.236	-0.3700
301.949	-0.3684
305.708	-0.3667
309.513	-0.3650
313.366	-0.3633
317.267	-0.3614
321.217	-0.3590
325.216	-0.3563
329.264	-0.3533
333.363	-0.3502
337.513	-0.3470
341.715	-0.3438
345.969	-0.3405
350.276	-0.3370
354.636	-0.3334
359.051	-0.3296
363.521	-0.3257
368.046	-0.3217
372.628	-0.3177
377.266	-0.3143
381.963	-0.3112
386.718	-0.3088
391.532	-0.3070
396.406	-0.3055
401.341	-0.3040
406.337	-0.3021
411.395	-0.3001
416.517	-0.2980
421.702	-0.2958
426.951	-0.2934
432.266	-0.2910
437.648	-0.2886
443.096	-0.2863
448.612	-0.2836
454.196	-0.2808
459.851	-0.2775
465.575	-0.2739
471.371	-0.2699
477.239	-0.2657
483.18	-0.2614
489.195	-0.2568
495.285	-0.2523
501.45	-0.2479
507.693	-0.2438
514.013	-0.2400
520.412	-0.2365
526.89	-0.2333
533.449	-0.2304
540.09	-0.2276
546.814	-0.2247
553.621	-0.2218
560.513	-0.2185
567.49	-0.2150
574.555	-0.2114
581.707	-0.2076
588.949	-0.2037
596.281	-0.1997
603.703	-0.1955
611.219	-0.1913
618.828	-0.1867
626.531	-0.1817
634.331	-0.1764
642.228	-0.1704
650.222	-0.1640
658.317	-0.1575
666.512	-0.1512
674.809	-0.1454
683.21	-0.1400
691.715	-0.1346
700.326	-0.1293
709.044	-0.1239
717.871	-0.1187
726.807	-0.1136
735.855	-0.1085
745.016	-0.1035
754.29	-0.0987
763.68	-0.0940
773.187	-0.0893
782.812	-0.0846
792.557	-0.0800
802.424	-0.0753
812.413	-0.0705
822.526	-0.0655
832.766	-0.0603
843.133	-0.0549
853.629	-0.0494
864.255	-0.0440
875.014	-0.0387
885.907	-0.0337
896.935	-0.0293
908.101	-0.0255
919.406	-0.0224
930.851	-0.0198
942.439	-0.0178
954.171	-0.0162
966.049	-0.0151
978.076	-0.0144
990.251	-0.0143
1002.579	-0.0146
1015.06	-0.0152
1027.696	-0.0162
1040.489	-0.0174
1053.442	-0.0185
1066.556	-0.0196
1079.833	-0.0205
1093.276	-0.0211
1106.886	-0.0214
1120.665	-0.0214
1134.616	-0.0210
1148.741	-0.0203
1163.041	-0.0193
1177.519	-0.0181
1192.178	-0.0167
1207.019	-0.0150
1222.045	-0.0130
1237.258	-0.0109
1252.66	-0.0085
1268.254	-0.0059
1284.042	-0.0032
1300.027	-0.0003
1316.211	0.0027
1332.596	0.0058
1349.185	0.0090
1365.981	0.0122
1382.985	0.0154
1400.202	0.0186
1417.633	0.0219
1435.28	0.0251
1453.148	0.0286
1471.238	0.0325
1489.553	0.0368
1508.096	0.0418
1526.87	0.0474
1545.877	0.0538
1565.121	0.0609
1584.605	0.0687
1604.332	0.0774
1624.303	0.0869
1644.524	0.0972
1664.996	0.1085
1685.723	0.1205
1706.708	0.1330
1727.955	0.1458
1749.466	0.1590
1771.244	0.1723
1793.294	0.1857
1815.618	0.1993
1838.221	0.2131
1861.104	0.2272
1884.272	0.2416
1907.729	0.2564
1931.478	0.2716
1955.523	0.2875
1979.866	0.3040
2004.513	0.3213
2029.467	0.3392
2054.731	0.3577
2080.31	0.3763
2106.207	0.3948
2132.427	0.4130
2158.973	0.4309
2185.849	0.4487
2213.06	0.4663
2240.61	0.4837
2268.503	0.5005
2296.743	0.5166
2325.334	0.5316
2354.282	0.5459
2383.59	0.5600
2413.262	0.5743
2443.305	0.5889
2473.721	0.6038
2504.515	0.6190
2535.693	0.6345
2567.26	0.6501
2599.219	0.6660
2631.576	0.6820
2664.335	0.6982
2697.503	0.7146
2731.084	0.7315
2765.082	0.7486
2799.504	0.7661
2834.354	0.7840
2869.638	0.8023
2905.362	0.8210
2941.53	0.8402
2978.148	0.8597
3015.222	0.8796
3052.758	0.8998
3090.761	0.9203
3129.237	0.9411
3168.192	0.9621
3207.632	0.9833
3247.563	1.0045
3287.991	1.0259
3328.923	1.0473
3370.364	1.0690
3412.32	1.0911
3454.799	1.1142
3497.807	1.1388
3541.351	1.1650
3585.436	1.1927
3630.07	1.2215
3675.26	1.2510
3721.012	1.2810
3767.334	1.3117
3814.233	1.3433
3861.715	1.3757
3909.789	1.4086
3958.46	1.4415
4007.738	1.4740
4057.63	1.5062
4108.142	1.5384
4159.283	1.5706
4211.061	1.6031
4263.483	1.6358
4316.559	1.6688
4370.294	1.7021
4424.699	1.7359
4479.781	1.7701
4535.548	1.8045
4592.01	1.8393
4649.175	1.8744
4707.051	1.9097
4765.648	1.9451
4824.975	1.9805
4885.039	2.0158
4945.852	2.0510
5007.421	2.0861
5069.757	2.1210
5132.87	2.1553
5196.768	2.1887
5261.46	2.2211
5326.959	2.2519
5393.273	2.2807
5460.413	2.3075
5528.388	2.3322
5597.209	2.3546
5666.887	2.3748
5737.433	2.3933
5808.857	2.4103
5881.169	2.4261
5954.383	2.4410
6028.507	2.4554
6103.555	2.4698
6179.536	2.4846
6256.464	2.5001
6334.349	2.5167
6413.204	2.5346
6493.04	2.5541
6573.87	2.5754
6655.706	2.5982
6738.562	2.6221
6822.448	2.6462
6907.379	2.6698
6993.367	2.6924
7080.426	2.7125
7168.568	2.7283
7257.808	2.7379
7348.158	2.7394
7439.633	2.7320
7532.248	2.7149
7626.015	2.6890
7720.949	2.6576
7817.065	2.6234
7914.377	2.5880
8012.901	2.5516
8112.652	2.5138
8213.645	2.4735
8315.894	2.4292
8419.416	2.3801
8524.228	2.3267
8630.343	2.2690
8737.78	2.2077
8846.555	2.1448
8956.683	2.0816
9068.182	2.0187
9181.069	1.9564
9295.362	1.8953
9411.078	1.8348
9528.233	1.7744
9646.849	1.7133
9766.939	1.6509
9888.525	1.5867
10011.625	1.5203
10136.257	1.4515
10262.44	1.3803
10390.195	1.3066
10519.54	1.2305
10650.495	1.1521
10783.08	1.0718
10917.316	0.9893
11053.223	0.9049
11190.821	0.8191
11330.133	0.7325
11471.179	0.6455
11613.98	0.5585
11758.561	0.4731
11904.939	0.3917
12053.141	0.3158
12203.188	0.2470
12355.102	0.1858
12508.907	0.1323
12664.627	0.0855
12822.286	0.0422
12981.907	-0.0004
13143.516	-0.0436
13307.136	-0.0877
13472.793	-0.1323
13640.512	-0.1763
13810.319	-0.2185
13982.24	-0.2579
14156.302	-0.2948
14332.529	-0.3283
14510.951	-0.3592
14691.595	-0.3888
14874.486	-0.4179
15059.655	-0.4472
15247.129	-0.4769
15436.937	-0.5070
15629.106	-0.5374
15823.669	-0.5676
16020.654	-0.5971
16220.091	-0.6254
16422.01	-0.6525
16626.443	-0.6780
16833.422	-0.7022
17042.977	-0.7250
17255.141	-0.7458
17469.945	-0.7638
17687.424	-0.7798
17907.609	-0.7895
18130.537	-0.7995
18356.24	-0.8096
18584.752	-0.8203
18816.107	-0.8315
19050.346	-0.8432
19287.498	-0.8552
19527.604	-0.8680
19770.697	-0.8824
20016.816	-0.8980

