"Sens Factor =3.3803dB, AGain =18dB, SERNO: 7079072"
"Auto-generated 90-degree calibration file"
10.054	-3.5387
10.179	-3.3894
10.306	-3.2434
10.434	-3.1005
10.564	-2.9608
10.696	-2.8242
10.829	-2.6908
10.964	-2.5604
11.100	-2.4329
11.238	-2.3085
11.378	-2.1871
11.520	-2.0686
11.663	-1.9530
11.809	-1.8404
11.956	-1.7305
12.104	-1.6233
12.255	-1.5191
12.408	-1.4175
12.562	-1.3187
12.718	-1.2224
12.877	-1.1290
13.037	-1.0380
13.199	-0.9496
13.364	-0.8639
13.530	-0.7806
13.698	-0.6997
13.869	-0.6214
14.042	-0.5455
14.216	-0.4719
14.393	-0.4007
14.573	-0.3319
14.754	-0.2653
14.938	-0.2010
15.124	-0.1389
15.312	-0.0790
15.503	-0.0212
15.696	0.0344
15.891	0.0879
16.089	0.1394
16.289	0.1888
16.492	0.2363
16.697	0.2818
16.905	0.3253
17.115	0.3669
17.328	0.4067
17.544	0.4446
17.763	0.4807
17.984	0.5151
18.208	0.5477
18.434	0.5786
18.664	0.6078
18.896	0.6354
19.131	0.6614
19.369	0.6858
19.611	0.7085
19.855	0.7299
20.102	0.7497
20.352	0.7681
20.605	0.7851
20.862	0.8007
21.122	0.8149
21.385	0.8278
21.651	0.8394
21.920	0.8498
22.193	0.8589
22.470	0.8668
22.749	0.8737
23.032	0.8793
23.319	0.8839
23.609	0.8874
23.903	0.8898
24.201	0.8913
24.502	0.8918
24.807	0.8914
25.116	0.8900
25.429	0.8878
25.745	0.8848
26.066	0.8809
26.390	0.8763
26.719	0.8709
27.051	0.8648
27.388	0.8581
27.729	0.8507
28.074	0.8426
28.424	0.8340
28.778	0.8249
29.136	0.8152
29.499	0.8051
29.866	0.7945
30.238	0.7835
30.614	0.7721
30.995	0.7603
31.381	0.7483
31.772	0.7359
32.167	0.7233
32.568	0.7104
32.973	0.6974
33.383	0.6842
33.799	0.6708
34.220	0.6574
34.646	0.6439
35.077	0.6304
35.514	0.6165
35.956	0.6025
36.403	0.5887
36.857	0.5754
37.315	0.5628
37.780	0.5507
38.250	0.5389
38.726	0.5272
39.209	0.5152
39.697	0.5024
40.191	0.4889
40.691	0.4748
41.198	0.4603
41.711	0.4457
42.230	0.4314
42.756	0.4180
43.288	0.4057
43.827	0.3947
44.372	0.3852
44.925	0.3774
45.484	0.3714
46.050	0.3671
46.623	0.3643
47.204	0.3627
47.791	0.3620
48.386	0.3616
48.989	0.3613
49.599	0.3608
50.216	0.3598
50.841	0.3581
51.474	0.3555
52.115	0.3517
52.764	0.3465
53.420	0.3396
54.085	0.3309
54.759	0.3206
55.440	0.3091
56.131	0.2964
56.829	0.2830
57.537	0.2690
58.253	0.2549
58.978	0.2407
59.712	0.2266
60.456	0.2127
61.208	0.1989
61.970	0.1852
62.742	0.1718
63.523	0.1588
64.314	0.1464
65.114	0.1351
65.925	0.1254
66.745	0.1175
67.576	0.1114
68.418	0.1071
69.269	0.1045
70.132	0.1034
71.005	0.1031
71.889	0.1034
72.784	0.1037
73.690	0.1036
74.607	0.1026
75.536	0.1004
76.476	0.0967
77.428	0.0916
78.392	0.0852
79.368	0.0779
80.356	0.0702
81.356	0.0621
82.369	0.0539
83.394	0.0455
84.433	0.0369
85.484	0.0279
86.548	0.0184
87.625	0.0084
88.716	-0.0019
89.820	-0.0122
90.939	-0.0220
92.071	-0.0310
93.217	-0.0390
94.377	-0.0459
95.552	-0.0517
96.742	-0.0568
97.946	-0.0615
99.165	-0.0660
100.400	-0.0707
101.650	-0.0757
102.915	-0.0813
104.196	-0.0873
105.493	-0.0937
106.806	-0.1004
108.136	-0.1074
109.482	-0.1146
110.845	-0.1221
112.225	-0.1300
113.622	-0.1384
115.037	-0.1474
116.469	-0.1571
117.919	-0.1674
119.386	-0.1783
120.873	-0.1895
122.377	-0.2007
123.901	-0.2116
125.443	-0.2219
127.005	-0.2315
128.586	-0.2401
130.187	-0.2480
131.807	-0.2550
133.448	-0.2612
135.109	-0.2668
136.791	-0.2718
138.494	-0.2761
140.218	-0.2797
141.964	-0.2826
143.731	-0.2848
145.520	-0.2865
147.332	-0.2879
149.166	-0.2891
151.023	-0.2902
152.903	-0.2915
154.806	-0.2931
156.734	-0.2949
158.685	-0.2970
160.660	-0.2994
162.660	-0.3021
164.685	-0.3049
166.735	-0.3077
168.811	-0.3105
170.912	-0.3135
173.040	-0.3166
175.194	-0.3199
177.375	-0.3235
179.583	-0.3271
181.819	-0.3307
184.082	-0.3340
186.374	-0.3368
188.694	-0.3390
191.043	-0.3408
193.421	-0.3424
195.829	-0.3437
198.267	-0.3450
200.735	-0.3461
203.234	-0.3472
205.764	-0.3484
208.325	-0.3496
210.919	-0.3512
213.544	-0.3530
216.203	-0.3551
218.894	-0.3573
221.619	-0.3598
224.378	-0.3622
227.171	-0.3645
229.999	-0.3667
232.862	-0.3688
235.761	-0.3708
238.696	-0.3727
241.668	-0.3743
244.676	-0.3756
247.722	-0.3766
250.806	-0.3776
253.928	-0.3783
257.089	-0.3789
260.290	-0.3792
263.530	-0.3790
266.810	-0.3783
270.132	-0.3774
273.495	-0.3765
276.899	-0.3757
280.346	-0.3751
283.836	-0.3744
287.370	-0.3737
290.947	-0.3727
294.569	-0.3715
298.236	-0.3700
301.949	-0.3684
305.708	-0.3667
309.513	-0.3650
313.366	-0.3633
317.267	-0.3614
321.217	-0.3590
325.216	-0.3563
329.264	-0.3533
333.363	-0.3502
337.513	-0.3470
341.715	-0.3438
345.969	-0.3405
350.276	-0.3370
354.636	-0.3334
359.051	-0.3296
363.521	-0.3257
368.046	-0.3217
372.628	-0.3177
377.266	-0.3143
381.963	-0.3112
386.718	-0.3088
391.532	-0.3070
396.406	-0.3055
401.341	-0.3040
406.337	-0.3021
411.395	-0.3001
416.517	-0.2980
421.702	-0.2958
426.951	-0.2934
432.266	-0.2910
437.648	-0.2886
443.096	-0.2863
448.612	-0.2836
454.196	-0.2808
459.851	-0.2775
465.575	-0.2739
471.371	-0.2699
477.239	-0.2657
483.180	-0.2614
489.195	-0.2568
495.285	-0.2523
501.450	-0.2479
507.693	-0.2438
514.013	-0.2400
520.412	-0.2365
526.890	-0.2333
533.449	-0.2304
540.090	-0.2276
546.814	-0.2247
553.621	-0.2218
560.513	-0.2185
567.490	-0.2150
574.555	-0.2114
581.707	-0.2076
588.949	-0.2037
596.281	-0.1997
603.703	-0.1955
611.219	-0.1913
618.828	-0.1867
626.531	-0.1817
634.331	-0.1764
642.228	-0.1705
650.222	-0.1643
658.317	-0.1580
666.512	-0.1519
674.809	-0.1463
683.210	-0.1411
691.715	-0.1359
700.326	-0.1309
709.044	-0.1257
717.871	-0.1207
726.807	-0.1158
735.855	-0.1109
745.016	-0.1061
754.290	-0.1015
763.680	-0.0972
773.187	-0.0934
782.812	-0.0895
792.557	-0.0858
802.424	-0.0820
812.413	-0.0781
822.526	-0.0742
832.766	-0.0701
843.133	-0.0657
853.629	-0.0613
864.255	-0.0572
875.014	-0.0531
885.907	-0.0494
896.935	-0.0463
908.101	-0.0439
919.406	-0.0423
930.851	-0.0411
942.439	-0.0407
954.171	-0.0406
966.049	-0.0411
978.076	-0.0421
990.251	-0.0437
1002.579	-0.0457
1015.060	-0.0481
1027.696	-0.0511
1040.489	-0.0545
1053.442	-0.0577
1066.556	-0.0610
1079.833	-0.0640
1093.276	-0.0667
1106.886	-0.0692
1120.665	-0.0713
1134.616	-0.0731
1148.741	-0.0745
1163.041	-0.0756
1177.519	-0.0766
1192.178	-0.0773
1207.019	-0.0778
1222.045	-0.0783
1237.258	-0.0788
1252.660	-0.0789
1268.254	-0.0789
1284.042	-0.0788
1300.027	-0.0785
1316.211	-0.0780
1332.596	-0.0775
1349.185	-0.0769
1365.981	-0.0768
1382.985	-0.0769
1400.202	-0.0771
1417.633	-0.0773
1435.280	-0.0776
1453.148	-0.0779
1471.238	-0.0778
1489.553	-0.0773
1508.096	-0.0762
1526.870	-0.0745
1545.877	-0.0719
1565.121	-0.0686
1584.605	-0.0647
1604.332	-0.0599
1624.303	-0.0545
1644.524	-0.0484
1664.996	-0.0414
1685.723	-0.0337
1706.708	-0.0256
1727.955	-0.0178
1749.466	-0.0097
1771.244	-0.0015
1793.294	0.0067
1815.618	0.0151
1838.221	0.0239
1861.104	0.0328
1884.272	0.0421
1907.729	0.0517
1931.478	0.0610
1955.523	0.0706
1979.866	0.0807
2004.513	0.0915
2029.467	0.1028
2054.731	0.1146
2080.310	0.1265
2106.207	0.1381
2132.427	0.1494
2158.973	0.1601
2185.849	0.1704
2213.060	0.1803
2240.610	0.1900
2268.503	0.1989
2296.743	0.2073
2325.334	0.2148
2354.282	0.2214
2383.590	0.2277
2413.262	0.2341
2443.305	0.2404
2473.721	0.2468
2504.515	0.2534
2535.693	0.2603
2567.260	0.2670
2599.219	0.2737
2631.576	0.2803
2664.335	0.2870
2697.503	0.2939
2731.084	0.3014
2765.082	0.3092
2799.504	0.3173
2834.354	0.3257
2869.638	0.3344
2905.362	0.3427
2941.530	0.3513
2978.148	0.3601
3015.222	0.3691
3052.758	0.3783
3090.761	0.3875
3129.237	0.3968
3168.192	0.4062
3207.632	0.4156
3247.563	0.4246
3287.991	0.4333
3328.923	0.4419
3370.364	0.4506
3412.320	0.4596
3454.799	0.4694
3497.807	0.4804
3541.351	0.4929
3585.436	0.5067
3630.070	0.5214
3675.260	0.5367
3721.012	0.5522
3767.334	0.5683
3814.233	0.5851
3861.715	0.6022
3909.789	0.6196
3958.460	0.6367
4007.738	0.6532
4057.630	0.6692
4108.142	0.6843
4159.283	0.6992
4211.061	0.7141
4263.483	0.7290
4316.559	0.7440
4370.294	0.7593
4424.699	0.7748
4479.781	0.7905
4535.548	0.8062
4592.010	0.8218
4649.175	0.8373
4707.051	0.8528
4765.648	0.8681
4824.975	0.8831
4885.039	0.8963
4945.852	0.9088
5007.421	0.9210
5069.757	0.9327
5132.870	0.9433
5196.768	0.9517
5261.460	0.9588
5326.959	0.9640
5393.273	0.9669
5460.413	0.9673
5528.388	0.9653
5597.209	0.9606
5666.887	0.9533
5737.433	0.9441
5808.857	0.9334
5881.169	0.9213
5954.383	0.9079
6028.507	0.8937
6103.555	0.8791
6179.536	0.8645
6256.464	0.8502
6334.349	0.8367
6413.204	0.8241
6493.040	0.8127
6573.870	0.8026
6655.706	0.7936
6738.562	0.7853
6822.448	0.7768
6907.379	0.7676
6993.367	0.7570
7080.426	0.7434
7168.568	0.7252
7257.808	0.7005
7348.158	0.6682
7439.633	0.6266
7532.248	0.5749
7626.015	0.5139
7720.949	0.4478
7817.065	0.3790
7914.377	0.3086
8012.901	0.2368
8112.652	0.1631
8213.645	0.0876
8315.894	0.0077
8419.416	-0.0774
8524.228	-0.1672
8630.343	-0.2617
8737.780	-0.3600
8846.555	-0.4602
8956.683	-0.5613
9068.182	-0.6625
9181.069	-0.7636
9295.362	-0.8639
9411.078	-0.9640
9528.233	-1.0646
9646.849	-1.1664
9766.939	-1.2708
9888.525	-1.3778
10011.625	-1.4874
10136.257	-1.6000
10262.440	-1.7153
10390.195	-1.8322
10519.540	-1.9521
10650.495	-2.0748
10783.080	-2.1999
10917.316	-2.3276
11053.223	-2.4575
11190.821	-2.5894
11330.133	-2.7226
11471.179	-2.8569
11613.980	-2.9912
11758.561	-3.1244
11904.939	-3.2542
12053.141	-3.3791
12203.188	-3.4974
12355.102	-3.6081
12508.907	-3.7117
12664.627	-3.8093
12822.286	-3.9040
12981.907	-3.9982
13143.516	-4.0932
13307.136	-4.1897
13472.793	-4.2875
13640.512	-4.3852
13810.319	-4.4811
13982.240	-4.5746
14156.302	-4.6664
14332.529	-4.7554
14510.951	-4.8423
14691.595	-4.9277
14874.486	-5.0133
15059.655	-5.0998
15247.129	-5.1874
15436.937	-5.2755
15629.106	-5.3641
15823.669	-5.4531
16020.654	-5.5422
16220.091	-5.6308
16422.010	-5.7186
16626.443	-5.8054
16833.422	-5.8917
17042.977	-5.9774
17255.141	-6.0618
17469.945	-6.1438
17687.424	-6.2246
17907.609	-6.2998
18130.537	-6.3762
18356.240	-6.4532
18584.752	-6.5313
18816.107	-6.6108
19050.346	-6.6916
19287.498	-6.7735
19527.604	-6.8573
19770.697	-6.9436
20016.816	-7.0320
