* Average of: center (sub phase 0), R Lcenter bass only, 0pha Oct 3, R Lcenter-low bass only, 0pha Oct 3, R center-low bass only, 0phas Oct 3, R right bass only, phase 0 Oct 3, R right-low bass only, phase 0 Oct 3
* Freq(Hz) SPL(dB) Phase(degrees)
10.0000 70.825 0
10.0772 70.963 0
10.1550 71.020 0
10.2333 71.020 0
10.3123 71.020 0
10.3919 71.227 0
10.4721 71.227 0
10.5529 71.375 0
10.6344 71.375 0
10.7164 71.511 0
10.7991 71.511 0
10.8825 71.687 0
10.9665 71.687 0
11.0511 71.687 0
11.1364 71.635 0
11.2223 71.635 0
11.3090 71.725 0
11.3962 71.725 0
11.4842 71.449 0
11.5728 71.449 0
11.6621 71.328 0
11.7521 71.328 0
11.8428 70.885 0
11.9342 70.885 0
12.0263 70.885 0
12.1192 70.031 0
12.2127 70.031 0
12.3069 70.031 0
12.4019 70.031 0
12.4976 69.219 0
12.5941 69.219 0
12.6913 69.219 0
12.7892 69.219 0
12.8879 68.953 0
12.9874 68.953 0
13.0876 68.953 0
13.1886 69.357 0
13.2904 69.396 0
13.3930 69.396 0
13.4964 69.833 0
13.6005 70.148 0
13.7055 70.148 0
13.8113 70.148 0
13.9179 70.415 0
14.0253 70.778 0
14.1335 70.778 0
14.2426 71.925 0
14.3525 71.925 0
14.4633 71.960 0
14.5749 72.043 0
14.6874 72.043 0
14.8008 72.057 0
14.9150 72.171 0
15.0301 72.171 0
15.1461 72.171 0
15.2630 72.297 0
15.3808 72.297 0
15.4995 72.297 0
15.6191 72.391 0
15.7396 72.391 0
15.8611 72.391 0
15.9835 72.486 0
16.1069 72.486 0
16.2312 72.486 0
16.3565 72.417 0
16.4827 72.417 0
16.6099 72.166 0
16.7381 72.117 0
16.8673 72.117 0
16.9975 71.796 0
17.1286 71.598 0
17.2608 71.598 0
17.3940 71.385 0
17.5283 71.052 0
17.6636 71.230 0
17.7999 71.230 0
17.9373 70.934 0
18.0757 71.676 0
18.2152 71.676 0
18.3558 72.741 0
18.4974 72.741 0
18.6402 73.064 0
18.7841 74.078 0
18.9290 74.078 0
19.0751 75.343 0
19.2223 75.343 0
19.3707 75.860 0
19.5202 76.360 0
19.6708 76.360 0
19.8227 77.075 0
19.9756 77.075 0
20.1298 77.152 0
20.2852 77.496 0
20.4417 77.458 0
20.5995 77.664 0
20.7585 77.580 0
20.9187 77.580 0
21.0801 77.644 0
21.2428 77.565 0
21.4068 77.513 0
21.5720 77.461 0
21.7385 77.346 0
21.9062 77.308 0
22.0753 77.308 0
22.2457 77.129 0
22.4174 77.129 0
22.5904 76.924 0
22.7647 76.924 0
22.9404 76.671 0
23.1174 76.671 0
23.2959 76.339 0
23.4757 76.339 0
23.6568 76.061 0
23.8394 75.898 0
24.0234 75.605 0
24.2088 75.046 0
24.3956 75.046 0
24.5839 74.385 0
24.7736 74.385 0
24.9648 73.659 0
25.1575 73.659 0
25.3517 72.933 0
25.5473 72.933 0
25.7445 72.278 0
25.9432 72.100 0
26.1434 71.738 0
26.3452 71.583 0
26.5485 71.297 0
26.7534 71.140 0
26.9599 70.898 0
27.1679 70.487 0
27.3776 70.276 0
27.5889 70.055 0
27.8018 69.869 0
28.0164 69.595 0
28.2326 69.595 0
28.4505 69.552 0
28.6701 69.552 0
28.8914 69.744 0
29.1143 70.074 0
29.3390 70.074 0
29.5655 70.434 0
29.7936 70.665 0
30.0236 70.767 0
30.2553 70.904 0
30.4888 71.166 0
30.7241 71.405 0
30.9612 71.482 0
31.2002 71.832 0
31.4410 72.055 0
31.6836 72.172 0
31.9281 72.488 0
32.1746 72.743 0
32.4229 72.831 0
32.6731 73.300 0
32.9253 73.853 0
33.1794 73.962 0
33.4354 74.785 0
33.6935 75.424 0
33.9535 76.197 0
34.2156 76.463 0
34.4796 76.866 0
34.7457 77.412 0
35.0139 77.850 0
35.2841 77.952 0
35.5564 78.210 0
35.8308 78.518 0
36.1074 78.778 0
36.3860 78.795 0
36.6669 78.980 0
36.9499 79.107 0
37.2350 79.091 0
37.5224 79.124 0
37.8120 79.091 0
38.1038 79.017 0
38.3979 78.989 0
38.6942 78.932 0
38.9928 78.856 0
39.2938 78.788 0
39.5970 78.716 0
39.9026 78.639 0
40.2106 78.518 0
40.5209 78.363 0
40.8337 78.175 0
41.1488 77.965 0
41.4664 77.965 0
41.7864 77.746 0
42.1089 77.526 0
42.4339 77.308 0
42.7614 77.088 0
43.0914 76.867 0
43.4240 76.816 0
43.7591 76.614 0
44.0968 76.427 0
44.4372 76.270 0
44.7801 76.161 0
45.1257 76.112 0
45.4740 76.126 0
45.8249 76.194 0
46.1786 76.295 0
46.5350 76.367 0
46.8941 76.467 0
47.2561 76.560 0
47.6208 76.653 0
47.9883 76.764 0
48.3586 76.904 0
48.7319 77.073 0
49.1080 77.361 0
49.4870 77.505 0
49.8689 77.615 0
50.2538 77.688 0
50.6416 77.724 0
51.0324 77.722 0
51.4263 77.680 0
51.8232 77.597 0
52.2232 77.316 0
52.6262 77.143 0
53.0324 76.953 0
53.4416 76.749 0
53.8541 76.525 0
54.2697 76.185 0
54.6886 75.960 0
55.1106 75.473 0
55.5360 75.255 0
55.9646 75.093 0
56.3965 75.115 0
56.8317 75.095 0
57.2704 75.134 0
57.7124 75.233 0
58.1578 75.550 0
58.6066 75.857 0
59.0589 76.134 0
59.5147 76.529 0
59.9740 76.791 0
60.4369 77.040 0
60.9033 77.387 0
61.3734 77.724 0
61.8470 77.940 0
62.3244 78.294 0
62.8054 78.510 0
63.2901 78.922 0
63.7785 79.105 0
64.2707 79.264 0
64.7668 79.418 0
65.2666 79.560 0
65.7703 79.541 0
66.2779 79.530 0
66.7894 79.451 0
67.3049 79.388 0
67.8244 79.191 0
68.3478 79.090 0
68.8753 78.815 0
69.4069 78.638 0
69.9425 78.196 0
70.4823 77.930 0
71.0263 77.313 0
71.5744 76.898 0
72.1268 76.576 0
72.6835 76.008 0
73.2444 75.794 0
73.8097 75.536 0
74.3794 75.542 0
74.9534 75.460 0
75.5319 75.496 0
76.1148 75.509 0
76.7022 75.527 0
77.2942 75.589 0
77.8907 75.611 0
78.4919 75.654 0
79.0977 75.662 0
79.7081 75.641 0
80.3233 75.556 0
80.9432 75.385 0
81.5679 75.250 0
82.1974 74.983 0
82.8318 74.590 0
83.4711 74.138 0
84.1153 73.813 0
84.7644 73.376 0
85.4186 72.964 0
86.0779 72.703 0
86.7422 72.348 0
87.4116 71.975 0
88.0863 71.705 0
88.7661 71.706 0
89.4512 71.685 0
90.1415 71.773 0
90.8372 71.910 0
91.5383 72.012 0
92.2447 72.098 0
92.9567 72.146 0
93.6741 72.095 0
94.3970 72.054 0
95.1255 71.982 0
95.8597 71.885 0
96.5995 71.740 0
97.3450 71.606 0
98.0963 71.419 0
98.8534 71.158 0
99.6163 70.750 0
100.3851 70.336 0
101.1599 69.871 0
101.9406 69.405 0
102.7274 68.985 0
103.5202 68.699 0
104.3191 68.549 0
105.1242 68.594 0
105.9356 68.683 0
106.7531 68.878 0
107.5770 69.128 0
108.4073 69.260 0
109.2439 69.335 0
110.0870 69.362 0
110.9367 69.343 0
111.7928 69.268 0
112.6556 69.202 0
113.5251 69.039 0
114.4012 68.937 0
115.2842 68.771 0
116.1739 68.542 0
117.0705 68.326 0
117.9740 67.910 0
118.8845 67.574 0
119.8020 67.146 0
120.7266 66.605 0
121.6583 66.378 0
122.5973 66.378 0
123.5434 66.527 0
124.4969 66.866 0
125.4578 67.114 0
126.4260 67.448 0
127.4017 67.787 0
128.3850 67.986 0
129.3758 68.122 0
130.3743 68.207 0
131.3805 68.181 0
132.3945 68.155 0
133.4162 68.145 0
134.4459 68.168 0
135.4835 68.152 0
136.5291 68.033 0
137.5828 67.790 0
138.6447 67.513 0
139.7147 67.236 0
140.7930 67.126 0
141.8796 67.083 0
142.9746 67.226 0
144.0780 67.526 0
145.1900 68.074 0
146.3105 68.440 0
147.4397 68.781 0
148.5776 69.037 0
149.7243 69.311 0
150.8798 69.468 0
152.0442 69.590 0
153.2177 69.679 0
154.4002 69.787 0
155.5918 69.913 0
156.7926 69.951 0
158.0027 69.880 0
159.2221 69.781 0
160.4509 69.566 0
161.6892 69.328 0
162.9371 68.982 0
164.1946 68.642 0
165.4618 68.401 0
166.7388 68.285 0
168.0257 68.128 0
169.3224 68.061 0
170.6292 68.040 0
171.9461 68.047 0
173.2731 68.185 0
174.6104 68.487 0
175.9580 69.035 0
177.3160 69.678 0
178.6845 70.533 0
180.0635 71.272 0
181.4532 71.747 0
182.8536 72.141 0
184.2648 72.332 0
185.6869 72.516 0
187.1200 72.605 0
188.5641 72.684 0
190.0194 72.736 0
191.4859 72.841 0
192.9638 72.944 0
194.4530 73.079 0
195.9538 73.233 0
197.4661 73.412 0
198.9901 73.505 0
200.5258 73.432 0
202.0734 73.253 0
203.6330 73.074 0
205.2045 72.944 0
206.7883 72.823 0
208.3842 72.760 0
209.9924 72.682 0
211.6131 72.597 0
213.2463 72.536 0
214.8921 72.433 0
216.5505 72.327 0
218.2218 72.143 0
219.9060 71.884 0
221.6032 71.481 0
223.3134 71.128 0
225.0369 70.792 0
226.7737 70.612 0
228.5239 70.466 0
230.2875 70.293 0
232.0648 70.135 0
233.8559 70.064 0
235.6607 70.103 0
237.4795 70.182 0
239.3123 70.179 0
241.1592 70.152 0
243.0204 70.023 0
244.8960 69.976 0
246.7860 69.940 0
248.6906 69.844 0
250.6100 69.676 0
252.5441 69.501 0
254.4932 69.349 0
256.4573 69.229 0
258.4365 69.240 0
260.4311 69.349 0
262.4410 69.404 0
264.4665 69.424 0
266.5075 69.440 0
268.5644 69.530 0
270.6371 69.763 0
272.7258 70.168 0
274.8306 70.536 0
276.9517 70.765 0
279.0891 71.042 0
281.2431 71.243 0
283.4136 71.338 0
285.6009 71.366 0
287.8051 71.398 0
290.0263 71.318 0
292.2647 71.162 0
294.5203 70.990 0
296.7933 70.854 0
299.0839 70.686 0
301.3921 70.504 0
303.7182 70.252 0
306.0622 69.910 0
308.4243 69.449 0
310.8046 69.001 0
313.2033 68.475 0
315.6206 67.934 0
318.0564 67.535 0
320.5111 67.133 0
322.9847 66.729 0
325.4774 66.542 0
327.9894 66.588 0
330.5207 66.804 0
333.0716 66.926 0
335.6421 67.207 0
338.2325 67.483 0
340.8429 67.748 0
343.4734 68.023 0
346.1243 68.179 0
348.7956 68.342 0
351.4875 68.566 0
354.2002 68.675 0
356.9338 68.646 0
359.6885 68.670 0
362.4645 68.713 0
365.2619 68.667 0
368.0809 68.559 0
370.9216 68.310 0
373.7843 68.110 0
376.6690 67.826 0
379.5761 67.448 0
382.5055 67.138 0
385.4576 66.912 0
388.4325 67.228 0
391.4303 67.421 0
394.4512 67.154 0
397.4955 67.008 0
400.5633 66.967 0
403.6547 66.948 0
406.7700 66.837 0
409.9093 66.747 0
413.0729 66.662 0
416.2609 66.684 0
419.4735 66.785 0
422.7109 66.783 0
425.9732 66.836 0
429.2608 66.773 0
432.5737 66.449 0
435.9122 65.596 0
439.2764 64.895 0
442.6666 64.526 0
446.0830 64.280 0
449.5258 64.565 0
452.9951 64.980 0
456.4912 65.271 0
460.0143 65.425 0
463.5645 65.581 0
467.1422 65.694 0
470.7475 65.629 0
474.3806 65.663 0
478.0417 65.665 0
481.7311 65.811 0
485.4490 65.933 0
489.1955 66.150 0
492.9710 66.365 0
496.7756 66.762 0
500.6096 66.957 0
504.4732 66.845 0
508.3665 66.438 0
512.2900 66.106 0
516.2437 66.179 0
520.2279 66.526 0
524.2429 66.553 0
528.2889 66.564 0
532.3660 69.408 0
536.4747 69.268 0
540.6151 69.120 0
544.7874 69.298 0
548.9919 69.201 0
553.2289 69.603 0
557.4985 69.684 0
561.8012 70.393 0
566.1370 70.583 0
570.5063 70.728 0
574.9093 70.505 0
579.3463 70.514 0
583.8175 70.581 0
588.3233 71.000 0
592.8638 71.590 0
597.4393 71.807 0
602.0502 71.970 0
606.6967 72.212 0
611.3790 72.218 0
616.0975 72.203 0
620.8523 71.751 0
625.6439 71.470 0
630.4724 70.958 0
635.3383 71.222 0
640.2416 71.703 0
645.1828 71.846 0
650.1622 71.951 0
655.1800 71.914 0
660.2365 71.440 0
665.3320 70.615 0
670.4668 69.979 0
675.6413 69.630 0
680.8557 69.247 0
686.1104 69.050 0
691.4056 69.233 0
696.7417 69.610 0
702.1189 69.897 0
707.5377 70.006 0
712.9983 69.416 0
718.5010 68.273 0
724.0462 67.927 0
729.6342 68.301 0
735.2653 68.752 0
740.9399 69.014 0
746.6583 69.025 0
752.4208 69.011 0
758.2277 68.967 0
764.0795 68.764 0
769.9765 68.963 0
775.9190 68.965 0
781.9073 68.525 0
787.9418 68.046 0
794.0229 67.772 0
800.1510 68.137 0
806.3263 68.303 0
812.5494 68.317 0
818.8204 67.753 0
825.1398 67.742 0
831.5080 67.650 0
837.9254 68.034 0
844.3923 68.209 0
850.9090 68.833 0
857.4761 69.067 0
864.0939 69.142 0
870.7627 69.054 0
877.4830 69.119 0
884.2552 69.437 0
891.0797 69.574 0
897.9568 69.615 0
904.8869 69.733 0
911.8706 69.834 0
918.9082 69.931 0
926.0001 69.646 0
933.1467 69.591 0
940.3485 69.689 0
947.6058 69.975 0
954.9192 69.539 0
962.2890 69.513 0
969.7157 69.382 0
977.1997 69.170 0
984.7414 69.139 0
992.3414 68.814 0
1000.0000 69.108 0
