* Measurement data measured by REW V5.31.3
* Source: EXCL: Microphone (Umik-1  Gain: 18dB  ), MICROPHONE (Master Volume), R, volume: 0.520
* Format: 256k Log Swept Sine, 1 sweep at -12.0 dBFS with no timing reference
* Dated: Oct 3, 2026 3:32:13 PM
* REW Settings:
*  C-weighting compensation: Off
*  Target level: 75.0 dB
* Note: ; 
* Measurement: R center-low bass only, 0phas Oct 3
* Smoothing: None
* Frequency Step: 0.36621094 Hz
* Start Frequency: 15.014648 Hz
*
* Freq(Hz) SPL(dB) Phase(degrees)
15.014648 74.253 124.4961
15.380859 75.025 120.5013
15.747070 75.492 115.2794
16.113281 75.595 109.5541
16.479492 75.300 104.0261
16.845703 74.570 99.5885
17.211914 73.397 97.7304
17.578125 71.936 100.9903
17.944336 70.882 111.7618
18.310547 71.333 125.7647
18.676758 73.041 133.3307
19.042969 74.861 132.7117
19.409180 76.258 126.9123
19.775391 77.132 118.4738
20.141602 77.510 109.0879
20.507812 77.468 100.0406
20.874023 77.133 92.4069
21.240234 76.715 86.8342
21.606445 76.468 82.9312
21.972656 76.526 79.0671
22.338867 76.769 73.5518
22.705078 76.942 65.9283
23.071289 76.833 56.8924
23.437500 76.330 47.6619
23.803711 75.426 39.6269
24.169922 74.227 34.1423
24.536133 72.985 31.9564
24.902344 71.994 32.2069
25.268555 71.306 32.6660
25.634766 70.653 32.1180
26.000977 69.772 31.6334
26.367188 68.701 33.5359
26.733398 67.892 38.9269
27.099609 67.795 44.6827
27.465820 68.094 46.3186
27.832031 68.067 43.5255
28.198242 67.204 39.2529
28.564453 65.225 38.7440
28.930664 62.628 52.4958
29.296875 62.991 81.5765
29.663086 66.235 94.1575
30.029297 68.858 91.8627
30.395508 70.395 84.5723
30.761719 71.049 76.6655
31.127930 71.051 70.5439
31.494141 70.694 67.8322
31.860352 70.378 68.9513
32.226562 70.430 72.3469
32.592773 70.849 75.7919
32.958984 71.446 78.6831
33.325195 72.197 81.5890
33.691406 73.244 84.2259
34.057617 74.616 84.9690
34.423828 76.100 82.5263
34.790039 77.428 77.0177
35.156250 78.435 69.4129
35.522461 79.064 60.8193
35.888672 79.328 52.2122
36.254883 79.290 44.3783
36.621094 79.047 37.8593
36.987305 78.724 32.8364
37.353516 78.433 29.0498
37.719727 78.235 25.9286
38.085938 78.125 22.9283
38.452148 78.063 19.7795
38.818359 78.016 16.4517
39.184570 77.972 12.9725
39.550781 77.925 9.3168
39.916992 77.858 5.4328
40.283203 77.746 1.3320
40.649414 77.565 -2.8627
41.015625 77.303 -6.9470
41.381836 76.967 -10.7126
41.748047 76.578 -14.0206
42.114258 76.161 -16.8348
42.480469 75.732 -19.1946
42.846680 75.297 -21.1451
43.212891 74.856 -22.6692
43.579102 74.417 -23.6751
43.945312 74.005 -24.0651
44.311523 73.665 -23.8680
44.677734 73.441 -23.3400
45.043945 73.340 -22.9028
45.410156 73.331 -22.9118
45.776367 73.360 -23.4655
46.142578 73.394 -24.4416
46.508789 73.431 -25.7069
46.875000 73.486 -27.3031
47.241211 73.551 -29.4312
47.607422 73.582 -32.2292
47.973633 73.522 -35.5500
48.339844 73.342 -38.9428
48.706055 73.078 -41.8714
49.072266 72.836 -44.1119
49.438477 72.730 -46.1096
49.804688 72.786 -48.8298
50.170898 72.911 -53.0314
50.537109 72.973 -58.7463
50.903320 72.896 -65.4177
51.269531 72.696 -72.3567
51.635742 72.473 -79.2154
52.001953 72.348 -86.3286
52.368164 72.365 -94.6057
52.734375 72.451 -104.8969
53.100586 72.475 -117.4547
53.466797 72.320 -131.9340
53.833008 71.925 -147.6487
54.199219 71.283 -163.7510
54.565430 70.450 -179.3006
54.931641 69.554 166.6436
55.297852 68.814 154.7049
55.664062 68.491 144.6107
56.030273 68.726 135.0429
56.396484 69.434 124.6406
56.762695 70.400 113.0120
57.128906 71.442 100.5683
57.495117 72.456 87.8964
57.861328 73.389 75.4200
58.227539 74.217 63.3599
58.593750 74.919 51.8231
58.959961 75.481 40.9024
59.326172 75.896 30.7270
59.692383 76.178 21.4454
60.058594 76.359 13.1549
60.424805 76.484 5.8157
60.791016 76.591 -0.7812
61.157227 76.695 -6.9310
61.523438 76.780 -12.8538
61.889648 76.824 -18.5754
62.255859 76.820 -23.9479
62.622070 76.797 -28.7965
62.988281 76.808 -33.1136
63.354492 76.906 -37.1742
63.720703 77.107 -41.4518
64.086914 77.379 -46.3688
64.453125 77.661 -52.0962
64.819336 77.899 -58.5490
65.185547 78.064 -65.5111
65.551758 78.150 -72.7733
65.917969 78.165 -80.2175
66.284180 78.115 -87.8346
66.650391 77.993 -95.6798
67.016602 77.777 -103.7917
67.382812 77.431 -112.1151
67.749023 76.921 -120.4596
68.115234 76.221 -128.5031
68.481445 75.331 -135.8345
68.847656 74.281 -142.0466
69.213867 73.134 -146.8845
69.580078 71.961 -150.3902
69.946289 70.794 -152.8606
70.312500 69.608 -154.4885
70.678711 68.356 -154.9271
71.044922 67.085 -153.2729
71.411133 66.024 -148.9323
71.777344 65.476 -143.1589
72.143555 65.439 -138.7242
72.509766 65.565 -136.9699
72.875977 65.549 -136.8940
73.242188 65.343 -136.6103
73.608398 65.138 -134.8003
73.974609 65.220 -131.8422
74.340820 65.680 -129.6237
74.707031 66.325 -129.4974
75.073242 66.927 -131.1974
75.439453 67.398 -133.6588
75.805664 67.796 -136.0232
76.171875 68.236 -138.1460
76.538086 68.788 -140.5533
76.904297 69.423 -143.9037
77.270508 70.055 -148.4751
77.636719 70.599 -154.1150
78.002930 71.012 -160.4763
78.369141 71.278 -167.2094
78.735352 71.402 -174.0182
79.101562 71.396 179.3652
79.467773 71.287 173.2023
79.833984 71.125 167.6979
80.200195 70.979 162.8667
80.566406 70.916 158.4135
80.932617 70.960 153.8003
81.298828 71.077 148.5326
81.665039 71.198 142.4164
82.031250 71.264 135.5668
82.397461 71.246 128.2330
82.763672 71.142 120.6159
83.129883 70.955 112.7882
83.496094 70.676 104.7444
83.862305 70.276 96.5313
84.228516 69.720 88.3625
84.594727 68.989 80.6377
84.960938 68.101 73.8402
85.327148 67.124 68.3119
85.693359 66.142 63.9836
86.059570 65.190 60.3434
86.425781 64.196 56.9120
86.791992 63.004 53.9551
87.158203 61.481 52.9703
87.524414 59.700 56.8954
87.890625 58.315 68.7465
88.256836 58.465 85.0225
88.623047 60.024 96.2920
88.989258 61.935 100.5214
89.355469 63.726 100.2667
89.721680 65.327 97.3702
90.087891 66.741 92.7242
90.454102 67.961 86.9070
90.820312 68.991 80.4717
91.186523 69.862 73.9230
91.552734 70.634 67.5700
91.918945 71.377 61.3986
92.285156 72.131 55.0978
92.651367 72.884 48.2804
93.017578 73.586 40.7411
93.383789 74.177 32.5565
93.750000 74.618 24.0134
94.116211 74.899 15.4734
94.482422 75.039 7.2534
94.848633 75.074 -0.4600
95.214844 75.045 -7.6458
95.581055 74.979 -14.4168
95.947266 74.879 -20.9229
96.313477 74.735 -27.2427
96.679688 74.530 -33.3309
97.045898 74.263 -39.0500
97.412109 73.948 -44.2610
97.778320 73.619 -48.9320
98.144531 73.305 -53.2005
98.510742 73.016 -57.3340
98.876953 72.727 -61.5849
99.243164 72.389 -66.0336
99.609375 71.954 -70.5175
99.975586 71.395 -74.6699
100.341797 70.725 -78.0409
100.708008 70.001 -80.2819
101.074219 69.306 -81.3564
101.440430 68.702 -81.6119
101.806641 68.188 -81.5208
102.172852 67.709 -81.2368
102.539062 67.228 -80.4230
102.905273 66.796 -78.5807
103.271484 66.546 -75.7263
103.637695 66.578 -72.8082
104.003906 66.826 -71.0775
104.370117 67.105 -70.9898
104.736328 67.251 -71.9855
105.102539 67.219 -73.0343
105.468750 67.086 -73.2726
105.834961 67.003 -72.5687
106.201172 67.071 -71.7147
106.567383 67.241 -71.7556
106.933594 67.352 -73.0101
107.299805 67.260 -74.8329
107.666016 66.942 -76.0293
108.032227 66.527 -75.4949
108.398438 66.275 -73.1372
108.764648 66.381 -70.5007
109.130859 66.757 -69.6086
109.497070 67.128 -71.1226
109.863281 67.275 -74.2560
110.229492 67.126 -77.6478
110.595703 66.751 -79.9834
110.961914 66.343 -80.5080
111.328125 66.142 -79.6392
111.694336 66.253 -78.9351
112.060547 66.556 -79.8184
112.426758 66.835 -82.5383
112.792969 66.937 -86.4127
113.159180 66.808 -90.4441
113.525391 66.479 -93.6786
113.891602 66.057 -95.4372
114.257812 65.701 -95.6312
114.624023 65.545 -95.0225
114.990234 65.587 -94.8928
115.356445 65.677 -96.1481
115.722656 65.613 -98.7926
116.088867 65.230 -102.0756
116.455078 64.433 -104.7760
116.821289 63.218 -105.3144
117.187500 61.713 -101.8527
117.553711 60.269 -92.9087
117.919922 59.419 -78.8506
118.286133 59.576 -62.6849
118.652344 60.760 -48.5596
119.018555 62.597 -39.7277
119.384766 64.541 -36.9907
119.750977 66.185 -39.1045
120.117188 67.337 -44.2489
120.483398 67.940 -50.7342
120.849609 68.017 -57.0461
121.215820 67.666 -61.7660
121.582031 67.101 -63.7656
121.948242 66.646 -62.9999
122.314453 66.544 -61.2131
122.680664 66.713 -60.6464
123.046875 66.860 -61.9135
123.413086 66.777 -63.9617
123.779297 66.455 -65.1871
124.145508 66.076 -64.4400
124.511719 65.914 -62.0041
124.877930 66.087 -59.6795
125.244141 66.422 -59.0211
125.610352 66.651 -59.9542
125.976562 66.627 -61.2255
126.342773 66.373 -61.2943
126.708984 66.083 -59.0763
127.075195 66.043 -54.8065
127.441406 66.412 -50.2471
127.807617 67.073 -47.1776
128.173828 67.796 -45.9952
128.540039 68.440 -46.0781
128.906250 68.980 -46.6724
129.272461 69.467 -47.3752
129.638672 69.955 -48.2309
130.004883 70.459 -49.5535
130.371094 70.944 -51.6141
130.737305 71.349 -54.4179
131.103516 71.625 -57.6858
131.469727 71.759 -60.9774
131.835938 71.779 -63.8655
132.202148 71.751 -66.1254
132.568359 71.749 -67.8765
132.934570 71.812 -69.5389
133.300781 71.917 -71.5574
133.666992 72.005 -74.1052
134.033203 72.022 -77.0208
134.399414 71.950 -79.9735
134.765625 71.808 -82.6946
135.131836 71.632 -85.1304
135.498047 71.439 -87.4136
135.864258 71.209 -89.6567
136.230469 70.914 -91.7421
136.596680 70.549 -93.3198
136.962891 70.171 -94.0783
137.329102 69.873 -94.1581
137.695312 69.701 -94.2976
138.061523 69.574 -95.3206
138.427734 69.319 -97.3729
138.793945 68.764 -99.6152
139.160156 67.838 -100.2784
139.526367 66.705 -96.9143
139.892578 65.964 -88.1666
140.258789 66.296 -77.8170
140.625000 67.435 -72.0278
140.991211 68.609 -71.7872
141.357422 69.423 -74.8592
141.723633 69.819 -79.0764
142.089844 69.883 -82.9830
142.456055 69.769 -85.8479
142.822266 69.639 -87.7313
143.188477 69.583 -89.3374
143.554688 69.576 -91.4175
143.920898 69.526 -94.1912
144.287109 69.365 -97.3139
144.653320 69.100 -100.2571
145.019531 68.803 -102.7567
145.385742 68.550 -105.0777
145.751953 68.348 -107.8403
146.118164 68.116 -111.4736
146.484375 67.740 -115.8220
146.850586 67.155 -120.2004
147.216797 66.385 -123.7475
147.583008 65.556 -125.9747
147.949219 64.819 -127.3669
148.315430 64.188 -129.3043
148.681641 63.457 -132.9175
149.047852 62.294 -138.1389
149.414062 60.326 -143.6324
149.780273 57.051 -146.2230
150.146484 51.687 -135.0396
150.512695 48.555 -76.8660
150.878906 53.825 -43.5391
151.245117 57.635 -37.7711
151.611328 60.230 -37.8950
151.977539 62.227 -40.6979
152.343750 63.788 -45.8444
152.709961 64.889 -52.9267
153.076172 65.487 -61.0994
153.442383 65.585 -69.2607
153.808594 65.267 -76.2424
154.174805 64.723 -81.1439
154.541016 64.239 -84.0691
154.907227 64.024 -86.6788
155.273438 64.006 -91.1017
155.639648 63.920 -98.1821
156.005859 63.542 -107.3638
156.372070 62.776 -117.5115
156.738281 61.649 -127.4692
157.104492 60.300 -136.4319
157.470703 58.955 -144.4856
157.836914 57.808 -153.0302
158.203125 56.882 -164.1199
158.569336 56.078 -179.0581
158.935547 55.377 162.2737
159.301758 54.910 141.4773
159.667969 54.835 121.4058
160.034180 55.190 104.8789
160.400391 55.938 93.0458
160.766602 57.035 85.0641
161.132812 58.383 79.1699
161.499023 59.822 74.0085
161.865234 61.207 69.0813
162.231445 62.467 64.3944
162.597656 63.590 60.0477
162.963867 64.590 56.0674
163.330078 65.487 52.4078
163.696289 66.301 48.9897
164.062500 67.047 45.7002
164.428711 67.738 42.3748
164.794922 68.369 38.8226
165.161133 68.916 34.9155
165.527344 69.344 30.6860
165.893555 69.625 26.3695
166.259766 69.760 22.3569
166.625977 69.793 19.0580
166.992188 69.815 16.6671
167.358398 69.929 14.9127
167.724609 70.187 13.0581
168.090820 70.539 10.3339
168.457031 70.867 6.4507
168.823242 71.056 1.7249
169.189453 71.045 -3.1228
169.555664 70.849 -7.2498
169.921875 70.564 -10.0231
170.288086 70.337 -11.4250
170.654297 70.264 -12.2151
171.020508 70.307 -13.3610
171.386719 70.327 -15.1632
171.752930 70.214 -17.0404
172.119141 69.985 -18.0392
172.485352 69.795 -17.7012
172.851562 69.814 -16.8390
173.217773 70.022 -17.1122
173.583984 70.179 -19.4286
173.950195 70.014 -23.1862
174.316406 69.371 -26.6343
174.682617 68.297 -27.2538
175.048828 67.222 -22.6981
175.415039 66.927 -14.4623
175.781250 67.550 -9.0188
176.147461 68.307 -9.5189
176.513672 68.579 -14.1129
176.879883 68.141 -19.9124
177.246094 66.977 -24.0494
177.612305 65.289 -23.3375
177.978516 63.751 -15.4456
178.344727 63.255 -3.8164
178.710938 63.592 4.4789
179.077148 63.896 8.8690
179.443359 63.881 12.9999
179.809570 63.873 19.5455
180.175781 64.380 27.4591
180.541992 65.427 33.0685
180.908203 66.566 34.8899
181.274414 67.462 34.1854
181.640625 68.046 32.7572
182.006836 68.413 31.8627
182.373047 68.720 31.9193
182.739258 69.093 32.5493
183.105469 69.557 33.0479
183.471680 70.058 32.9838
183.837891 70.530 32.3860
184.204102 70.944 31.5216
184.570312 71.310 30.6266
184.936523 71.652 29.7869
185.302734 71.987 28.9666
185.668945 72.325 28.0938
186.035156 72.666 27.1089
186.401367 73.011 25.9537
186.767578 73.358 24.5487
187.133789 73.694 22.8102
187.500000 73.997 20.7073
187.866211 74.243 18.3092
188.232422 74.414 15.7822
188.598633 74.510 13.3347
188.964844 74.547 11.1406
189.331055 74.552 9.2795
189.697266 74.548 7.7307
190.063477 74.550 6.4227
190.429688 74.564 5.2966
190.795898 74.596 4.3163
191.162109 74.660 3.4153
191.528320 74.765 2.4397
191.894531 74.903 1.1733
192.260742 75.044 -0.5482
192.626953 75.147 -2.7284
192.993164 75.177 -5.1980
193.359375 75.129 -7.7090
193.725586 75.021 -10.0743
194.091797 74.882 -12.2770
194.458008 74.727 -14.4684
194.824219 74.541 -16.8351
195.190430 74.283 -19.4189
195.556641 73.912 -22.0256
195.922852 73.409 -24.2662
196.289062 72.797 -25.7020
196.655273 72.137 -26.0398
197.021484 71.508 -25.3005
197.387695 70.960 -23.8073
197.753906 70.493 -21.9185
198.120117 70.075 -19.7335
198.486328 69.698 -17.0779
198.852539 69.404 -13.7932
199.218750 69.261 -10.0743
199.584961 69.296 -6.5012
199.951172 69.464 -3.6649
200.317383 69.673 -1.7758
200.683594 69.843 -0.6271
201.049805 69.935 0.1951
201.416016 69.952 1.1036
201.782227 69.928 2.3922
202.148438 69.908 4.1866
202.514648 69.940 6.4365
202.880859 70.059 8.9398
203.247070 70.276 11.4185
203.613281 70.580 13.6309
203.979492 70.948 15.4578
204.345703 71.361 16.8915
204.711914 71.819 17.9373
205.078125 72.326 18.5100
205.444336 72.875 18.4250
205.810547 73.435 17.5031
206.176758 73.960 15.6998
206.542969 74.401 13.1572
206.909180 74.732 10.1531
207.275391 74.951 6.9984
207.641602 75.079 3.9310
208.007812 75.149 1.0399
208.374023 75.188 -1.7446
208.740234 75.201 -4.5757
209.106445 75.169 -7.5680
209.472656 75.063 -10.7013
209.838867 74.855 -13.7981
210.205078 74.535 -16.5614
210.571289 74.118 -18.6434
210.937500 73.651 -19.7378
211.303711 73.210 -19.7114
211.669922 72.883 -18.7540
212.036133 72.732 -17.4225
212.402344 72.751 -16.4341
212.768555 72.874 -16.3055
213.134766 73.011 -17.1523
213.500977 73.094 -18.7651
213.867188 73.097 -20.8181
214.233398 73.024 -23.0535
214.599609 72.891 -25.3705
214.965820 72.706 -27.7953
215.332031 72.455 -30.3524
215.698242 72.115 -32.9348
216.064453 71.678 -35.2747
216.430664 71.168 -37.0591
216.796875 70.646 -38.1559
217.163086 70.178 -38.8103
217.529297 69.779 -39.5760
217.895508 69.383 -40.9227
218.261719 68.887 -42.8600
218.627930 68.204 -44.8801
218.994141 67.316 -46.1603
219.360352 66.294 -45.9003
219.726562 65.286 -43.8064
220.092773 64.431 -40.4795
220.458984 63.724 -37.0118
220.825195 63.008 -33.8533
221.191406 62.129 -30.1669
221.557617 61.107 -24.1177
221.923828 60.294 -14.1617
222.290039 60.259 -1.8804
222.656250 61.077 7.8317
223.022461 62.188 12.3300
223.388672 63.106 12.4987
223.754883 63.638 10.0526
224.121094 63.740 6.3387
224.487305 63.421 2.2582
224.853516 62.693 -1.6366
225.219727 61.528 -5.0488
225.585938 59.786 -7.6943
225.952148 57.067 -8.4235
226.318359 52.347 -0.7797
226.684570 47.026 57.5239
227.050781 54.048 104.6323
227.416992 59.144 107.8357
227.783203 62.232 103.5476
228.149414 64.204 97.7747
228.515625 65.493 92.4290
228.881836 66.394 88.3435
229.248047 67.154 85.5552
229.614258 67.928 83.3645
229.980469 68.735 80.8545
230.346680 69.492 77.5896
230.712891 70.111 73.8042
231.079102 70.569 70.0791
231.445312 70.915 66.9033
231.811523 71.234 64.3420
232.177734 71.581 61.9905
232.543945 71.935 59.3237
232.910156 72.211 56.1667
233.276367 72.334 52.8572
233.642578 72.284 50.0590
234.008789 72.127 48.3978
234.375000 71.990 48.0280
234.741211 71.987 48.3734
235.107422 72.121 48.4789
235.473633 72.288 47.7772
235.839844 72.370 46.4320
236.206055 72.317 45.0586
236.572266 72.161 44.2649
236.938477 71.984 44.3016
237.304688 71.861 44.9763
237.670898 71.812 45.9222
238.037109 71.822 46.9750
238.403320 71.893 48.2157
238.769531 72.074 49.6252
239.135742 72.414 50.7644
239.501953 72.894 50.9315
239.868164 73.417 49.6830
240.234375 73.870 47.1080
240.600586 74.181 43.6704
240.966797 74.334 39.9047
241.333008 74.353 36.1881
241.699219 74.273 32.6471
242.065430 74.105 29.2253
242.431641 73.824 25.8909
242.797852 73.387 22.8605
243.164062 72.762 20.7068
243.530273 71.987 20.2803
243.896484 71.208 22.3375
244.262695 70.670 26.7727
244.628906 70.554 32.1035
244.995117 70.798 36.4857
245.361328 71.187 39.2404
245.727539 71.568 40.8354
246.093750 71.916 41.9731
246.459961 72.282 42.9698
246.826172 72.714 43.6541
247.192383 73.208 43.6530
247.558594 73.714 42.7506
247.924805 74.178 41.0090
248.291016 74.566 38.6622
248.657227 74.870 35.9677
249.023438 75.098 33.1222
249.389648 75.267 30.2441
249.755859 75.394 27.3810
250.122070 75.496 24.5155
250.488281 75.583 21.5693
250.854492 75.652 18.4304
251.220703 75.688 15.0117
251.586914 75.666 11.3136
251.953125 75.562 7.4485
252.319336 75.370 3.6053
252.685547 75.100 -0.0299
253.051758 74.779 -3.3646
253.417969 74.434 -6.4540
253.784180 74.081 -9.4762
254.150391 73.709 -12.6377
254.516602 73.290 -16.0720
254.882812 72.785 -19.7998
255.249023 72.154 -23.7362
255.615234 71.354 -27.6921
255.981445 70.334 -31.3119
256.347656 69.051 -33.9315
256.713867 67.503 -34.3910
257.080078 65.837 -31.0400
257.446289 64.502 -22.9073
257.812500 64.054 -12.5730
258.178711 64.407 -5.1132
258.544922 64.940 -2.2336
258.911133 65.236 -2.3013
259.277344 65.206 -3.1671
259.643555 64.956 -3.2719
260.009766 64.695 -2.0437
260.375977 64.604 -0.0973
260.742188 64.715 1.3453
261.108398 64.915 1.5497
261.474609 65.084 0.6143
261.840820 65.181 -1.0229
262.207031 65.228 -3.1226
262.573242 65.250 -5.8224
262.939453 65.231 -9.4498
263.305664 65.110 -14.2117
263.671875 64.819 -20.0522
264.038086 64.316 -26.7438
264.404297 63.596 -34.0885
264.770508 62.686 -42.1318
265.136719 61.630 -51.3313
265.502930 60.472 -62.6116
265.869141 59.274 -77.2360
266.235352 58.205 -96.3330
266.601562 57.606 -119.6467
266.967773 57.771 -144.1489
267.333984 58.562 -165.7574
267.700195 59.578 177.3735
268.066406 60.557 164.9703
268.432617 61.430 156.1104
268.798828 62.219 149.8446
269.165039 62.956 145.3696
269.531250 63.657 142.1339
269.897461 64.344 139.8259
270.263672 65.054 138.1904
270.629883 65.822 136.8291
270.996094 66.649 135.2220
271.362305 67.482 132.9857
271.728516 68.250 130.0898
272.094727 68.904 126.8315
272.460938 69.442 123.6281
272.827148 69.906 120.7738
273.193359 70.357 118.2644
273.559570 70.830 115.8032
273.925781 71.313 113.0255
274.291992 71.753 109.7725
274.658203 72.100 106.1925
275.024414 72.330 102.6412
275.390625 72.463 99.4878
275.756836 72.554 96.9225
276.123047 72.661 94.8372
276.489258 72.816 92.8766
276.855469 72.998 90.6654
277.221680 73.155 88.0469
277.587891 73.235 85.1586
277.954102 73.214 82.3431
278.320312 73.110 79.9802
278.686523 72.980 78.2903
279.052734 72.892 77.1685
279.418945 72.886 76.1838
279.785156 72.938 74.8429
280.151367 72.973 72.9451
280.517578 72.918 70.7335
280.883789 72.746 68.7673
281.250000 72.506 67.6132
281.616211 72.306 67.4434
281.982422 72.244 67.7711
282.348633 72.317 67.7446
282.714844 72.420 66.8921
283.081055 72.431 65.5228
283.447266 72.315 64.4882
283.813477 72.163 64.5837
284.179688 72.152 65.8165
284.545898 72.400 67.0857
284.912109 72.835 67.0348
285.278320 73.255 65.2428
285.644531 73.494 62.3458
286.010742 73.500 59.4628
286.376953 73.342 57.6536
286.743164 73.188 57.4233
287.109375 73.221 58.3044
287.475586 73.507 59.0763
287.841797 73.960 58.7278
288.208008 74.445 57.0472
288.574219 74.876 54.3469
288.940430 75.232 50.9774
289.306641 75.514 47.1060
289.672852 75.718 42.7638
290.039062 75.821 38.0034
290.405273 75.796 33.0043
290.771484 75.635 28.0580
291.137695 75.352 23.4637
291.503906 74.985 19.4022
291.870117 74.570 15.8701
292.236328 74.123 12.7450
292.602539 73.634 9.9656
292.968750 73.083 7.6859
293.334961 72.484 6.2573
293.701172 71.905 5.9875
294.067383 71.455 6.7673
294.433594 71.214 7.8948
294.799805 71.157 8.4585
295.166016 71.174 7.9792
295.532227 71.152 6.6118
295.898438 71.040 4.8712
296.264648 70.849 3.2667
296.630859 70.636 2.0443
296.997070 70.456 1.0983
297.363281 70.331 0.1003
297.729492 70.235 -1.2308
298.095703 70.123 -2.9399
298.461914 69.967 -4.8602
298.828125 69.769 -6.7865
299.194336 69.553 -8.6561
299.560547 69.335 -10.6112
299.926758 69.097 -12.8787
300.292969 68.785 -15.5375
300.659180 68.335 -18.3442
301.025391 67.710 -20.7137
301.391602 66.943 -21.8584
301.757812 66.163 -21.1482
302.124023 65.571 -18.7319
302.490234 65.308 -15.8839
302.856445 65.311 -14.1763
303.222656 65.379 -14.2354
303.588867 65.342 -15.6128
303.955078 65.142 -17.4250
304.321289 64.821 -18.9204
304.687500 64.485 -19.8571
305.053711 64.227 -20.6754
305.419922 64.050 -22.2534
305.786133 63.842 -25.3339
306.152344 63.425 -30.1495
306.518555 62.595 -36.4556
306.884766 61.088 -43.6584
307.250977 58.444 -50.6010
307.617188 53.420 -53.2538
307.983398 42.796 2.4917
308.349609 53.363 71.0576
308.715820 59.208 68.7415
309.082031 62.498 61.0294
309.448242 64.595 52.4631
309.814453 65.980 44.1663
310.180664 66.897 36.6351
310.546875 67.509 30.1100
310.913086 67.943 24.6169
311.279297 68.296 19.9591
311.645508 68.627 15.7620
312.011719 68.950 11.6080
312.377930 69.239 7.2025
312.744141 69.449 2.4702
313.110352 69.542 -2.4495
313.476562 69.495 -7.2693
313.842773 69.311 -11.6375
314.208984 69.020 -15.2209
314.575195 68.676 -17.7893
314.941406 68.342 -19.2814
315.307617 68.084 -19.8280
315.673828 67.949 -19.7118
316.040039 67.967 -19.3069
316.406250 68.143 -19.0387
316.772461 68.456 -19.3386
317.138672 68.853 -20.5433
317.504883 69.264 -22.7802
317.871094 69.619 -25.9292
318.237305 69.868 -29.6791
318.603516 69.995 -33.6288
318.969727 70.014 -37.3999
319.335938 69.969 -40.7480
319.702148 69.916 -43.6631
320.068359 69.898 -46.3970
320.434570 69.920 -49.3517
320.800781 69.940 -52.8618
321.166992 69.890 -57.0161
321.533203 69.702 -61.6150
321.899414 69.333 -66.2321
322.265625 68.775 -70.3074
322.631836 68.065 -73.2650
322.998047 67.290 -74.6903
323.364258 66.570 -74.5613
323.730469 65.999 -73.3544
324.096680 65.601 -71.7769
324.462891 65.329 -70.2999
324.829102 65.132 -68.9988
325.195312 64.992 -67.7946
325.561523 64.912 -66.7257
325.927734 64.873 -65.9397
326.293945 64.828 -65.4468
326.660156 64.733 -64.9355
327.026367 64.593 -63.8525
327.392578 64.485 -61.7280
327.758789 64.538 -58.5948
328.125000 64.850 -55.1476
328.491211 65.419 -52.3374
328.857422 66.162 -50.7875
329.223633 66.985 -50.6656
329.589844 67.820 -51.9148
329.956055 68.615 -54.4261
330.322266 69.322 -58.0453
330.688477 69.901 -62.5286
331.054688 70.328 -67.5455
331.420898 70.601 -72.7367
331.787109 70.744 -77.8004
332.153320 70.793 -82.5724
332.519531 70.789 -87.0603
332.885742 70.752 -91.3958
333.251953 70.682 -95.7175
333.618164 70.563 -100.0646
333.984375 70.386 -104.3569
334.350586 70.156 -108.4728
334.716797 69.892 -112.3621
335.083008 69.614 -116.1116
335.449219 69.319 -119.8942
335.815430 68.976 -123.8173
336.181641 68.541 -127.7708
336.547852 67.982 -131.3732
336.914062 67.310 -134.0449
337.280273 66.612 -135.2350
337.646484 66.040 -134.8448
338.012695 65.748 -133.6333
338.378906 65.761 -132.9664
338.745117 65.959 -133.8763
339.111328 66.179 -136.5267
339.477539 66.317 -140.4927
339.843750 66.350 -145.2423
340.209961 66.307 -150.4438
340.576172 66.234 -156.0793
340.942383 66.162 -162.3875
341.308594 66.087 -169.6719
341.674805 65.980 -178.1013
342.041016 65.813 172.3699
342.407227 65.579 161.9564
342.773438 65.302 150.9375
343.139648 65.028 139.5570
343.505859 64.806 127.9629
343.872070 64.666 116.2166
344.238281 64.604 104.3734
344.604492 64.582 92.5856
344.970703 64.546 81.1570
345.336914 64.452 70.5247
345.703125 64.287 61.1837
346.069336 64.083 53.5605
346.435547 63.914 47.8333
346.801758 63.865 43.7677
347.167969 63.990 40.7615
347.534180 64.273 38.1724
347.900391 64.664 35.6506
348.266602 65.122 33.1527
348.632812 65.639 30.7032
348.999023 66.227 28.1776
349.365234 66.880 25.2903
349.731445 67.556 21.7717
350.097656 68.192 17.5571
350.463867 68.726 12.8409
350.830078 69.123 8.0072
351.196289 69.385 3.5098
351.562500 69.553 -0.2660
351.928711 69.696 -3.1536
352.294922 69.886 -5.3127
352.661133 70.159 -7.1680
353.027344 70.498 -9.1450
353.393555 70.851 -11.4086
353.759766 71.179 -13.8195
354.125977 71.479 -16.1082
354.492188 71.787 -18.1183
354.858398 72.153 -19.9767
355.224609 72.597 -22.0637
355.590820 73.092 -24.7844
355.957031 73.577 -28.3329
356.323242 73.988 -32.6316
356.689453 74.283 -37.4210
357.055664 74.445 -42.3816
357.421875 74.478 -47.2175
357.788086 74.402 -51.6984
358.154297 74.245 -55.6759
358.520508 74.038 -59.0911
358.886719 73.811 -61.9750
359.252930 73.582 -64.4315
359.619141 73.358 -66.5870
359.985352 73.132 -68.5166
360.351562 72.892 -70.1914
360.717773 72.644 -71.4985
361.083984 72.411 -72.3486
361.450195 72.235 -72.8149
361.816406 72.143 -73.1919
362.182617 72.124 -73.8770
362.548828 72.127 -75.1357
362.915039 72.088 -76.9541
363.281250 71.957 -79.0684
363.647461 71.722 -81.1011
364.013672 71.401 -82.7180
364.379883 71.039 -83.7520
364.746094 70.678 -84.2578
365.112305 70.336 -84.4517
365.478516 69.994 -84.5322
365.844727 69.608 -84.4849
366.210938 69.135 -83.9646
366.577148 68.577 -82.3083
366.943359 68.028 -78.7358
367.309570 67.701 -72.9414
367.675781 67.845 -65.9565
368.041992 68.516 -59.9922
368.408203 69.507 -56.7163
368.774414 70.556 -56.3250
369.140625 71.497 -58.1758
369.506836 72.264 -61.5151
369.873047 72.842 -65.7411
370.239258 73.239 -70.4077
370.605469 73.471 -75.1643
370.971680 73.564 -79.7114
371.337891 73.556 -83.8052
371.704102 73.502 -87.3228
372.070312 73.460 -90.3506
372.436523 73.471 -93.2021
372.802734 73.533 -96.2910
373.168945 73.604 -99.9121
373.535156 73.624 -104.1069
373.901367 73.547 -108.6831
374.267578 73.350 -113.3335
374.633789 73.041 -117.7642
375.000000 72.644 -121.7798
375.366211 72.184 -125.3066
375.732422 71.683 -128.3477
376.098633 71.150 -130.9070
376.464844 70.598 -132.9487
376.831055 70.048 -134.4436
377.197266 69.530 -135.4602
377.563477 69.061 -136.1973
377.929688 68.635 -136.8774
378.295898 68.223 -137.5747
378.662109 67.808 -138.1570
379.028320 67.408 -138.4280
379.394531 67.075 -138.3887
379.760742 66.852 -138.3916
380.126953 66.728 -138.9736
380.493164 66.634 -140.4753
380.859375 66.487 -142.8267
381.225586 66.237 -145.6453
381.591797 65.886 -148.4866
381.958008 65.473 -151.0662
382.324219 65.047 -153.3489
382.690430 64.637 -155.4502
383.056641 64.252 -157.4299
383.422852 63.918 -159.2139
383.789062 63.701 -160.8130
384.155273 63.690 -162.6890
384.521484 63.913 -165.7896
384.887695 64.291 -171.0112
385.253906 64.686 -178.6638
385.620117 64.986 171.5391
385.986328 65.137 160.1851
386.352539 65.141 147.9097
386.718750 65.046 135.2510
387.084961 64.922 122.5591
387.451172 64.836 109.9458
387.817383 64.829 97.3159
388.183594 64.893 84.5129
388.549805 64.978 71.4929
388.916016 65.017 58.4180
389.282227 64.951 45.6409
389.648438 64.741 33.6384
390.014648 64.386 22.9380
390.380859 63.921 14.0356
390.747070 63.427 7.2690
391.113281 63.020 2.6292
391.479492 62.807 -0.3879
391.845703 62.838 -2.6785
392.211914 63.074 -5.1414
392.578125 63.423 -8.3245
392.944336 63.780 -12.3582
393.310547 64.065 -17.0916
393.676758 64.227 -22.2429
394.042969 64.241 -27.5095
394.409180 64.099 -32.6335
394.775391 63.799 -37.4265
395.141602 63.333 -41.7317
395.507812 62.680 -45.3110
395.874023 61.818 -47.6897
396.240234 60.761 -48.0334
396.606445 59.633 -45.2642
396.972656 58.732 -38.8657
397.338867 58.413 -30.3159
397.705078 58.710 -22.6609
398.071289 59.310 -17.6055
398.437500 59.932 -14.7825
398.803711 60.481 -13.2468
399.169922 60.967 -12.4326
399.536133 61.406 -12.2043
399.902344 61.781 -12.5078
400.268555 62.065 -13.0894
400.634766 62.268 -13.5234
401.000977 62.452 -13.4922
401.367188 62.705 -13.0952
401.733398 63.076 -12.8796
402.099609 63.534 -13.4607
402.465820 63.994 -15.0969
402.832031 64.379 -17.6350
403.198242 64.646 -20.7356
403.564453 64.787 -24.0938
403.930664 64.796 -27.5112
404.296875 64.656 -30.8145
404.663086 64.335 -33.6821
405.029297 63.805 -35.4695
405.395508 63.093 -35.1118
405.761719 62.367 -31.3181
406.127930 62.016 -23.6523
406.494141 62.453 -14.3286
406.860352 63.642 -7.1953
407.226562 65.162 -4.0396
407.592773 66.675 -4.3291
407.958984 68.041 -6.9827
408.325195 69.225 -11.1641
408.691406 70.233 -16.3376
409.057617 71.083 -22.1702
409.423828 71.792 -28.4534
409.790039 72.379 -35.0664
410.156250 72.862 -41.9585
410.522461 73.251 -49.1340
410.888672 73.552 -56.6267
411.254883 73.762 -64.4746
411.621094 73.872 -72.6931
411.987305 73.872 -81.2659
412.353516 73.748 -90.1409
412.719727 73.492 -99.2373
413.085938 73.093 -108.4512
413.452148 72.545 -117.6592
413.818359 71.843 -126.7188
414.184570 70.984 -135.4678
414.550781 69.967 -143.7219
414.916992 68.795 -151.2727
415.283203 67.476 -157.8865
415.649414 66.026 -163.3086
416.015625 64.471 -167.2834
416.381836 62.852 -169.5967
416.748047 61.211 -170.1184
417.114258 59.582 -168.7583
417.480469 57.987 -165.2354
417.846680 56.499 -158.7930
418.212891 55.392 -148.6401
418.579102 55.146 -136.1472
418.945312 55.897 -125.8213
419.311523 57.155 -120.7925
419.677734 58.417 -120.6584
420.043945 59.468 -123.8652
420.410156 60.272 -129.2036
420.776367 60.852 -136.0034
421.142578 61.231 -143.9651
421.508789 61.410 -152.9429
421.875000 61.371 -162.7615
422.241211 61.083 -173.1016
422.607422 60.526 176.5420
422.973633 59.706 166.8447
423.339844 58.683 158.5522
423.706055 57.586 152.1897
424.072266 56.593 147.5344
424.438477 55.801 143.3403
424.804688 55.094 138.0850
425.170898 54.175 131.1162
425.537109 52.666 122.9529
425.903320 50.039 115.3235
426.269531 45.114 114.2053
426.635742 37.655 170.2092
427.001953 46.098 -138.8369
427.368164 51.584 -141.4370
427.734375 54.890 -151.0312
428.100586 57.099 -162.6125
428.466797 58.609 -175.0334
428.833008 59.596 172.1685
429.199219 60.149 159.3069
429.565430 60.315 146.6858
429.931641 60.128 134.6433
430.297852 59.616 123.5676
430.664062 58.817 113.9009
431.030273 57.788 106.1133
431.396484 56.625 100.5771
431.762695 55.465 97.2515
432.128906 54.421 95.2908
432.495117 53.442 93.1863
432.861328 52.224 89.7527
433.227539 50.185 85.1616
433.593750 46.120 82.6331
433.959961 36.382 118.0508
434.326172 44.782 -155.9397
434.692383 51.423 -157.0273
435.058594 55.026 -165.4192
435.424805 57.200 -174.5911
435.791016 58.510 177.2476
436.157227 59.295 171.0627
436.523438 59.852 167.1963
436.889648 60.440 165.0735
437.255859 61.172 163.3875
437.622070 61.992 161.0544
437.988281 62.783 157.8743
438.354492 63.488 154.2532
438.720703 64.134 150.5889
439.086914 64.786 146.8723
439.453125 65.475 142.6970
439.819336 66.166 137.6135
440.185547 66.781 131.4753
440.551758 67.250 124.4868
440.917969 67.538 117.0354
441.284180 67.644 109.4941
441.650391 67.594 102.0791
442.016602 67.414 94.7888
442.382812 67.106 87.4497
442.749023 66.634 79.8528
443.115234 65.925 71.9114
443.481445 64.875 63.7639
443.847656 63.355 55.8308
444.213867 61.184 48.9490
444.580078 58.070 44.9468
444.946289 53.505 49.3711
445.312500 48.175 83.8267
445.678711 50.403 134.7896
446.044922 54.434 149.3499
446.411133 57.049 152.7896
446.777344 58.877 153.6924
447.143555 60.338 153.7554
447.509766 61.623 153.0557
447.875977 62.779 151.4229
448.242188 63.797 148.9004
448.608398 64.667 145.7566
448.974609 65.407 142.3162
449.340820 66.055 138.7876
449.707031 66.656 135.1733
450.073242 67.235 131.3005
450.439453 67.783 126.9629
450.805664 68.270 122.0713
451.171875 68.657 116.7097
451.538086 68.920 111.0918
451.904297 69.052 105.4722
452.270508 69.062 100.0732
452.636719 68.966 95.0515
453.002930 68.783 90.5098
453.369141 68.531 86.5334
453.735352 68.234 83.2004
454.101562 67.931 80.5220
454.467773 67.668 78.3267
454.833984 67.475 76.2012
455.200195 67.330 73.6167
455.566406 67.164 70.1958
455.932617 66.883 65.8955
456.298828 66.408 60.9907
456.665039 65.692 55.9331
457.031250 64.729 51.1765
457.397461 63.539 46.9834
457.763672 62.135 43.2295
458.129883 60.450 39.3179
458.496094 58.213 34.3040
458.862305 54.674 26.8625
459.228516 47.000 11.1685
459.594727 44.482 -142.0332
459.960938 55.170 -165.6782
460.327148 60.018 -178.1438
460.693359 63.042 170.5317
461.059570 65.088 159.6479
461.425781 66.487 149.2307
461.791992 67.416 139.4363
462.158203 67.992 130.4216
462.524414 68.306 122.2825
462.890625 68.435 115.0149
463.256836 68.435 108.5105
463.623047 68.340 102.5945
463.989258 68.164 97.0955
464.355469 67.900 91.9058
464.721680 67.536 87.0078
465.087891 67.058 82.4792
465.454102 66.451 78.5083
465.820312 65.716 75.4287
466.186523 64.890 73.7202
466.552734 64.077 73.8230
466.918945 63.464 75.6067
467.285156 63.208 77.8252
467.651367 63.274 78.6145
468.017578 63.438 76.8582
468.383789 63.456 72.6384
468.750000 63.172 66.6543
469.116211 62.505 59.6309
469.482422 61.406 52.0012
469.848633 59.793 43.6873
470.214844 57.433 33.7563
470.581055 53.678 18.9678
470.947266 46.962 -19.6487
471.313477 48.828 -116.8416
471.679688 55.748 -149.1577
472.045898 59.794 -165.2568
472.412109 62.391 -177.6245
472.778320 64.121 171.9326
473.144531 65.282 163.1396
473.510742 66.078 155.9641
473.876953 66.672 150.2312
474.243164 67.180 145.5161
474.609375 67.652 141.2805
474.975586 68.086 137.1299
475.341797 68.461 132.9417
475.708008 68.772 128.7681
476.074219 69.038 124.6335
476.440430 69.282 120.4031
476.806641 69.502 115.8218
477.172852 69.664 110.6948
477.539062 69.715 105.0442
477.905273 69.612 99.1399
478.271484 69.345 93.4102
478.637695 68.941 88.2842
479.003906 68.470 83.9963
479.370117 68.006 80.4204
479.736328 67.586 77.0923
480.102539 67.173 73.5178
480.468750 66.679 69.5474
480.834961 66.010 65.5247
481.201172 65.120 62.2007
481.567383 64.037 60.5388
481.933594 62.900 61.3723
482.299805 61.938 64.7844
482.666016 61.355 69.5837
483.032227 61.153 73.9185
483.398438 61.153 76.6326
483.764648 61.150 77.6318
484.130859 60.998 77.4050
484.497070 60.595 76.7322
484.863281 59.879 76.7695
485.229492 58.888 79.2300
485.595703 57.905 86.0339
485.961914 57.549 97.0173
486.328125 58.203 107.6128
486.694336 59.436 113.6406
487.060547 60.690 115.3091
487.426758 61.764 114.4148
487.792969 62.687 112.1536
488.159180 63.532 108.8081
488.525391 64.323 104.1306
488.891602 65.010 97.8774
489.257812 65.515 90.1138
489.624023 65.776 81.1951
489.990234 65.763 71.6101
490.356445 65.485 61.8362
490.722656 64.985 52.2214
491.088867 64.331 42.8745
491.455078 63.600 33.5718
491.821289 62.850 23.7634
492.187500 62.111 12.7275
492.553711 61.397 -0.1973
492.919922 60.747 -15.4163
493.286133 60.256 -32.9043
493.652344 60.054 -52.0132
494.018555 60.220 -71.5034
494.384766 60.715 -90.0696
494.750977 61.400 -106.9463
495.117188 62.120 -121.9817
495.483398 62.757 -135.3169
495.849609 63.240 -147.0955
496.215820 63.543 -157.3440
496.582031 63.676 -165.9810
496.948242 63.688 -172.9031
497.314453 63.654 -178.1172
497.680664 63.659 178.1357
498.046875 63.765 175.3748
498.413086 63.988 173.0508
498.779297 64.304 170.7688
499.145508 64.681 168.3579
499.511719 65.104 165.7681
499.877930 65.563 162.9343
