* Measurement data measured by REW V5.31.3
* Source: EXCL: Microphone (Umik-1  Gain: 18dB  ), MICROPHONE (Master Volume), R, volume: 0.520
* Format: 256k Log Swept Sine, 1 sweep at -12.0 dBFS with no timing reference
* Dated: Oct 3, 2026 3:33:51 PM
* REW Settings:
*  C-weighting compensation: Off
*  Target level: 75.0 dB
* Note: ; 
* Measurement: R Lcenter bass only, 0pha Oct 3
* Smoothing: None
* Frequency Step: 0.36621094 Hz
* Start Frequency: 15.014648 Hz
*
* Freq(Hz) SPL(dB) Phase(degrees)
15.014648 71.320 104.9372
15.380859 70.895 104.4498
15.747070 70.942 104.8673
16.113281 71.416 103.5111
16.479492 71.967 99.1313
16.845703 72.242 92.4887
17.211914 72.022 85.4837
17.578125 71.224 80.9798
17.944336 70.116 83.2534
18.310547 69.897 94.6422
18.676758 71.662 105.2933
19.042969 74.214 105.9593
19.409180 76.394 99.1731
19.775391 77.940 88.8121
20.141602 78.873 77.1989
20.507812 79.275 65.7679
20.874023 79.253 55.5618
21.240234 78.959 47.3307
21.606445 78.596 41.2800
21.972656 78.361 36.6998
22.338867 78.314 32.1754
22.705078 78.345 26.5828
23.071289 78.279 19.7688
23.437500 77.992 12.3537
23.803711 77.451 5.2699
24.169922 76.705 -0.5725
24.536133 75.885 -4.5858
24.902344 75.153 -6.8424
25.268555 74.618 -8.1412
25.634766 74.259 -9.4408
26.000977 73.970 -11.1381
26.367188 73.666 -12.9740
26.733398 73.335 -14.4708
27.099609 73.031 -15.4188
27.465820 72.803 -16.0945
27.832031 72.629 -17.0134
28.198242 72.412 -18.3784
28.564453 72.044 -19.7080
28.930664 71.502 -19.8748
29.296875 70.936 -17.6122
29.663086 70.699 -12.8463
30.029297 71.062 -7.9881
30.395508 71.849 -6.0725
30.761719 72.640 -7.8302
31.127930 73.142 -12.0997
31.494141 73.257 -17.2851
31.860352 73.009 -21.9572
32.226562 72.516 -25.0487
32.592773 71.952 -26.0968
32.958984 71.471 -25.3884
33.325195 71.131 -23.5141
33.691406 70.931 -20.5955
34.057617 70.959 -16.3884
34.423828 71.409 -11.5316
34.790039 72.340 -8.0728
35.156250 73.516 -7.7216
35.522461 74.627 -10.4709
35.888672 75.481 -15.2360
36.254883 76.030 -20.7701
36.621094 76.319 -26.0655
36.987305 76.451 -30.5245
37.353516 76.549 -34.0882
37.719727 76.696 -37.1999
38.085938 76.897 -40.4551
38.452148 77.095 -44.1561
38.818359 77.229 -48.1646
39.184570 77.286 -52.0938
39.550781 77.306 -55.6304
39.916992 77.354 -58.8008
40.283203 77.469 -62.0078
40.649414 77.622 -65.7442
41.015625 77.725 -70.2023
41.381836 77.689 -75.1092
41.748047 77.464 -79.8248
42.114258 77.069 -83.5636
42.480469 76.604 -85.7096
42.846680 76.224 -86.2320
43.212891 76.050 -85.8893
43.579102 76.075 -85.7312
43.945312 76.198 -86.2873
44.311523 76.332 -87.4140
44.677734 76.469 -88.7923
45.043945 76.644 -90.4117
45.410156 76.865 -92.5986
45.776367 77.079 -95.6144
46.142578 77.215 -99.2860
46.508789 77.247 -103.0349
46.875000 77.235 -106.2635
47.241211 77.308 -108.8904
47.607422 77.562 -111.6193
47.973633 77.959 -115.4283
48.339844 78.345 -120.6794
48.706055 78.572 -126.8221
49.072266 78.584 -132.7097
49.438477 78.466 -137.1025
49.804688 78.447 -139.4325
50.170898 78.785 -140.7160
50.537109 79.510 -143.1781
50.903320 80.379 -148.2912
51.269531 81.120 -155.9495
51.635742 81.577 -165.2321
52.001953 81.713 -175.1329
52.368164 81.567 175.1451
52.734375 81.235 166.0416
53.100586 80.836 157.4953
53.466797 80.455 148.9299
53.833008 80.102 139.5632
54.199219 79.713 128.8937
54.565430 79.213 116.9659
54.931641 78.563 104.3270
55.297852 77.797 91.8535
55.664062 77.038 80.4942
56.030273 76.495 70.7744
56.396484 76.378 62.1614
56.762695 76.731 53.1692
57.128906 77.377 42.5606
57.495117 78.068 30.1411
57.861328 78.620 16.4388
58.227539 78.943 2.1737
58.593750 79.015 -11.9889
58.959961 78.865 -25.4950
59.326172 78.563 -37.9323
59.692383 78.207 -49.1013
60.058594 77.901 -59.1027
60.424805 77.719 -68.3192
60.791016 77.671 -77.2035
61.157227 77.714 -85.9991
61.523438 77.787 -94.6244
61.889648 77.849 -102.7675
62.255859 77.890 -110.0645
62.622070 77.937 -116.2614
62.988281 78.035 -121.3240
63.354492 78.233 -125.4796
63.720703 78.557 -129.1716
64.086914 79.000 -132.9294
64.453125 79.520 -137.2059
64.819336 80.052 -142.2556
65.185547 80.531 -148.0997
65.551758 80.908 -154.5693
65.917969 81.162 -161.3916
66.284180 81.298 -168.2924
66.650391 81.344 -175.0964
67.016602 81.335 178.2020
67.382812 81.293 171.4459
67.749023 81.209 164.4288
68.115234 81.042 157.0588
68.481445 80.743 149.4764
68.847656 80.271 142.0721
69.213867 79.621 135.4197
69.580078 78.840 130.1267
69.946289 78.039 126.5587
70.312500 77.348 124.4909
70.678711 76.835 123.0707
71.044922 76.435 121.4336
71.411133 76.007 119.4455
71.777344 75.447 117.8279
72.143555 74.783 117.7249
72.509766 74.205 119.8889
72.875977 73.976 123.6332
73.242188 74.166 126.9044
73.608398 74.560 128.2305
73.974609 74.898 127.8632
74.340820 75.070 127.0527
74.707031 75.143 127.0326
75.073242 75.312 128.2349
75.439453 75.757 129.8362
75.805664 76.491 130.3326
76.171875 77.355 128.7991
76.538086 78.179 125.2952
76.904297 78.865 120.3739
77.270508 79.384 114.6005
77.636719 79.742 108.3729
78.002930 79.947 101.9357
78.369141 80.005 95.4738
78.735352 79.917 89.2056
79.101562 79.690 83.4234
79.467773 79.360 78.4473
79.833984 78.990 74.4861
80.200195 78.663 71.4584
80.566406 78.437 68.9288
80.932617 78.312 66.3184
81.298828 78.228 63.2636
81.665039 78.116 59.7922
82.031250 77.938 56.2114
82.397461 77.703 52.8605
82.763672 77.455 49.8934
83.129883 77.233 47.1921
83.496094 77.048 44.4761
83.862305 76.875 41.5275
84.228516 76.671 38.3436
84.594727 76.411 35.1124
84.960938 76.096 32.0701
85.327148 75.751 29.3547
85.693359 75.402 26.9410
86.059570 75.059 24.6963
86.425781 74.709 22.5145
86.791992 74.329 20.4261
87.158203 73.906 18.6042
87.524414 73.452 17.2715
87.890625 73.002 16.5599
88.256836 72.602 16.3954
88.623047 72.274 16.5065
88.989258 72.002 16.5981
89.355469 71.738 16.5869
89.721680 71.437 16.7146
90.087891 71.101 17.4579
90.454102 70.799 19.2440
90.820312 70.648 22.0519
91.186523 70.744 25.2048
91.552734 71.076 27.7545
91.918945 71.545 29.1646
92.285156 72.052 29.5127
92.651367 72.560 29.1512
93.017578 73.084 28.3008
93.383789 73.650 26.8770
93.750000 74.255 24.6013
94.116211 74.855 21.2498
94.482422 75.392 16.8112
94.848633 75.814 11.4684
95.214844 76.095 5.4929
95.581055 76.223 -0.8479
95.947266 76.200 -7.3317
96.313477 76.030 -13.7773
96.679688 75.719 -20.0172
97.045898 75.279 -25.8749
97.412109 74.726 -31.1711
97.778320 74.094 -35.7703
98.144531 73.421 -39.6521
98.510742 72.738 -42.9472
98.876953 72.052 -45.8659
99.243164 71.334 -48.5203
99.609375 70.547 -50.7504
99.975586 69.676 -52.0823
100.341797 68.778 -51.8965
100.708008 67.996 -49.8676
101.074219 67.509 -46.5406
101.440430 67.382 -43.3186
101.806641 67.503 -41.4396
102.172852 67.687 -41.1522
102.539062 67.812 -41.9419
102.905273 67.850 -43.1424
103.271484 67.840 -44.3575
103.637695 67.833 -45.6155
104.003906 67.840 -47.2462
104.370117 67.814 -49.5541
104.736328 67.676 -52.5415
105.102539 67.356 -55.8520
105.468750 66.825 -58.8831
105.834961 66.113 -60.9714
106.201172 65.314 -61.6495
106.567383 64.558 -60.9608
106.933594 63.938 -59.5728
107.299805 63.442 -58.3607
107.666016 62.973 -57.7618
108.032227 62.434 -57.5728
108.398438 61.789 -57.2214
108.764648 61.073 -56.1232
109.130859 60.374 -53.9254
109.497070 59.805 -50.6339
109.863281 59.472 -46.6729
110.229492 59.431 -42.8572
110.595703 59.648 -40.1033
110.961914 60.003 -38.9229
111.328125 60.361 -39.1539
111.694336 60.645 -40.1455
112.060547 60.861 -41.1736
112.426758 61.082 -41.8572
112.792969 61.378 -42.3790
113.159180 61.755 -43.2706
113.525391 62.134 -44.8738
113.891602 62.421 -47.0152
114.257812 62.568 -49.1299
114.624023 62.607 -50.6214
114.990234 62.626 -51.2352
115.356445 62.721 -51.2664
115.722656 62.926 -51.3823
116.088867 63.206 -52.1741
116.455078 63.497 -53.9152
116.821289 63.752 -56.6918
117.187500 63.932 -60.5997
117.553711 63.985 -65.7508
117.919922 63.834 -72.1189
118.286133 63.396 -79.3906
118.652344 62.605 -86.8967
119.018555 61.446 -93.5982
119.384766 60.014 -98.1971
119.750977 58.592 -99.8019
120.117188 57.571 -99.5026
120.483398 57.042 -100.6255
120.849609 56.604 -105.5212
121.215820 55.753 -113.7921
121.582031 54.080 -123.3985
121.948242 51.159 -130.7273
122.314453 46.521 -125.7822
122.680664 43.587 -85.4510
123.046875 47.297 -59.6857
123.413086 50.101 -59.2805
123.779297 51.361 -63.3329
124.145508 51.787 -65.0558
124.511719 52.202 -62.7532
124.877930 53.212 -59.7842
125.244141 54.585 -60.6678
125.610352 55.742 -65.8702
125.976562 56.373 -73.3754
126.342773 56.439 -80.9213
126.708984 56.095 -86.5521
127.075195 55.707 -89.2556
127.441406 55.719 -90.4573
127.807617 56.220 -93.7737
128.173828 56.857 -101.5731
128.540039 57.268 -113.7805
128.906250 57.292 -129.4290
129.272461 56.925 -147.6570
129.638672 56.266 -167.8159
130.004883 55.487 170.7664
130.371094 54.807 149.0684
130.737305 54.409 128.3695
131.103516 54.361 109.7375
131.469727 54.599 93.4998
131.835938 54.977 79.3752
132.202148 55.342 67.0543
132.568359 55.587 56.5923
132.934570 55.706 48.3960
133.300781 55.819 42.8375
133.666992 56.139 39.5446
134.033203 56.826 36.9662
134.399414 57.821 33.2173
134.765625 58.915 27.3940
135.131836 59.914 19.7003
135.498047 60.710 10.8198
135.864258 61.265 1.4858
136.230469 61.582 -7.6392
136.596680 61.694 -15.9640
136.962891 61.674 -23.0011
137.329102 61.641 -28.5385
137.695312 61.736 -32.9557
138.061523 62.045 -37.3557
138.427734 62.515 -43.0842
138.793945 62.983 -50.9851
139.160156 63.268 -61.1888
139.526367 63.226 -73.4028
139.892578 62.759 -87.2307
140.258789 61.791 -102.3481
140.625000 60.245 -118.6062
140.991211 58.020 -136.2048
141.357422 54.959 -156.2407
141.723633 50.842 177.2373
142.089844 46.379 130.8519
142.456055 46.981 68.0428
142.822266 50.772 31.5565
143.188477 53.920 9.7439
143.554688 56.390 -7.4044
143.920898 58.378 -22.6696
144.287109 59.990 -36.5603
144.653320 61.311 -48.8427
145.019531 62.449 -59.1947
145.385742 63.541 -67.6631
145.751953 64.705 -74.9323
146.118164 65.962 -82.1012
146.484375 67.220 -90.0355
146.850586 68.351 -98.9564
147.216797 69.261 -108.5481
147.583008 69.917 -118.2596
147.949219 70.352 -127.5526
148.315430 70.644 -136.0990
148.681641 70.898 -143.9537
149.047852 71.191 -151.5885
149.414062 71.530 -159.6394
149.780273 71.854 -168.5032
150.146484 72.080 -178.1179
150.512695 72.148 171.9734
150.878906 72.041 162.4375
151.245117 71.795 153.9517
151.611328 71.499 146.9767
151.977539 71.263 141.5117
152.343750 71.162 137.0332
152.709961 71.182 132.8374
153.076172 71.242 128.5535
153.442383 71.258 124.3213
153.808594 71.206 120.5632
154.174805 71.125 117.6184
154.541016 71.086 115.4575
154.907227 71.143 113.6567
155.273438 71.287 111.6838
155.639648 71.471 109.2313
156.005859 71.650 106.2821
156.372070 71.807 102.9363
156.738281 71.942 99.2329
157.104492 72.057 95.1132
157.470703 72.135 90.5121
157.836914 72.151 85.4689
158.203125 72.079 80.1613
158.569336 71.912 74.8591
158.935547 71.658 69.8485
159.301758 71.343 65.3723
159.667969 71.001 61.5983
160.034180 70.676 58.5951
160.400391 70.416 56.2883
160.766602 70.258 54.4115
161.132812 70.214 52.5411
161.499023 70.252 50.2699
161.865234 70.314 47.4008
162.231445 70.348 43.9849
162.597656 70.332 40.1786
162.963867 70.272 36.0436
163.330078 70.170 31.4490
163.696289 70.002 26.1694
164.062500 69.704 20.1208
164.428711 69.203 13.5502
164.794922 68.452 7.0718
165.161133 67.471 1.5396
165.527344 66.387 -2.3217
165.893555 65.405 -4.6194
166.259766 64.658 -6.7487
166.625977 64.030 -10.4331
166.992188 63.220 -16.2068
167.358398 61.940 -23.2013
167.724609 59.993 -29.7216
168.090820 57.285 -33.6754
168.457031 53.779 -33.2651
168.823242 48.923 -27.9303
169.189453 37.405 5.2238
169.555664 47.395 122.8195
169.921875 55.167 122.0923
170.288086 59.345 113.8411
170.654297 61.751 104.3389
171.020508 62.961 96.3510
171.386719 63.424 92.4133
171.752930 63.844 93.8711
172.119141 64.970 97.2991
172.485352 66.645 96.5780
172.851562 68.116 90.2701
173.217773 68.916 80.4841
173.583984 68.858 69.8562
173.950195 67.874 61.4658
174.316406 66.151 60.1858
174.682617 64.979 70.9873
175.048828 66.196 83.3641
175.415039 68.402 83.4014
175.781250 70.031 74.5981
176.147461 70.799 62.1343
176.513672 70.748 49.0438
176.879883 69.966 37.6069
177.246094 68.635 30.2577
177.612305 67.238 29.2511
177.978516 66.588 33.3542
178.344727 66.921 36.3055
178.710938 67.535 34.7125
179.077148 67.872 30.2786
179.443359 67.827 25.6202
179.809570 67.561 22.3583
180.175781 67.302 20.5569
180.541992 67.137 19.0336
180.908203 66.916 16.9176
181.274414 66.429 14.8799
181.640625 65.637 14.9589
182.006836 64.867 19.2289
182.373047 64.748 26.6394
182.739258 65.430 32.1125
183.105469 66.315 32.8447
183.471680 66.888 30.2681
183.837891 67.008 26.9336
184.204102 66.792 24.9746
184.570312 66.537 25.4536
184.936523 66.570 27.5927
185.302734 66.981 29.2579
185.668945 67.584 29.0732
186.035156 68.180 27.1980
186.401367 68.706 24.3347
186.767578 69.190 20.8427
187.133789 69.653 16.5835
187.500000 70.056 11.2850
187.866211 70.312 4.9518
188.232422 70.340 -2.0160
188.598633 70.099 -8.9442
188.964844 69.607 -15.0796
189.331055 68.948 -19.8279
189.697266 68.249 -23.0585
190.063477 67.619 -25.2885
190.429688 67.068 -27.3704
190.795898 66.504 -29.8076
191.162109 65.830 -32.4222
191.528320 65.020 -34.6428
191.894531 64.138 -36.0914
192.260742 63.266 -37.0657
192.626953 62.388 -38.3944
192.993164 61.338 -40.5757
193.359375 59.876 -43.0004
193.725586 57.798 -43.6058
194.091797 55.114 -38.3961
194.458008 52.605 -22.3307
194.824219 51.906 0.6520
195.190430 52.732 18.3406
195.556641 53.881 30.7373
195.922852 55.308 40.5399
196.289062 57.057 46.4410
196.655273 58.753 47.5613
197.021484 60.048 45.4761
197.387695 60.857 42.6277
197.753906 61.339 41.1180
198.120117 61.842 41.7170
198.486328 62.685 42.8828
198.852539 63.817 41.9840
199.218750 64.904 37.9858
199.584961 65.656 31.7251
199.951172 65.948 24.7449
200.317383 65.787 18.6821
200.683594 65.310 15.0486
201.049805 64.811 14.6725
201.416016 64.638 16.6223
201.782227 64.892 18.3606
202.148438 65.335 18.1409
202.514648 65.687 16.1921
202.880859 65.838 13.7058
203.247070 65.834 11.7721
203.613281 65.815 10.8344
203.979492 65.916 10.5171
204.345703 66.177 9.9618
204.711914 66.541 8.4744
205.078125 66.913 5.8423
205.444336 67.220 2.1951
205.810547 67.412 -2.2137
206.176758 67.455 -7.0820
206.542969 67.330 -12.0306
206.909180 67.035 -16.5780
207.275391 66.613 -20.1982
207.641602 66.159 -22.5227
208.007812 65.808 -23.6711
208.374023 65.659 -24.4348
208.740234 65.703 -25.9082
209.106445 65.822 -28.7985
209.472656 65.882 -33.1514
209.838867 65.796 -38.5919
210.205078 65.536 -44.6680
210.571289 65.121 -51.0948
210.937500 64.593 -57.9097
211.303711 63.979 -65.5308
211.669922 63.267 -74.6831
212.036133 62.401 -86.2456
212.402344 61.317 -101.1875
212.768555 60.029 -120.6472
213.134766 58.776 -145.6680
213.500977 58.109 -175.3423
213.867188 58.427 155.2646
214.233398 59.418 131.1973
214.599609 60.589 113.3540
214.965820 61.745 100.2754
215.332031 62.878 90.0906
215.698242 63.979 81.1602
216.064453 64.979 72.4568
216.430664 65.797 63.6948
216.796875 66.381 55.1396
217.163086 66.741 47.3018
217.529297 66.951 40.6274
217.895508 67.128 35.1902
218.261719 67.377 30.4988
218.627930 67.716 25.7126
218.994141 68.069 20.2083
219.360352 68.320 13.9565
219.726562 68.391 7.4453
220.092773 68.272 1.3843
220.458984 68.035 -3.6328
220.825195 67.807 -7.5027
221.191406 67.697 -10.8406
221.557617 67.705 -14.6567
221.923828 67.718 -19.6118
222.290039 67.597 -25.6262
222.656250 67.262 -32.0742
223.022461 66.724 -38.1956
223.388672 66.079 -43.5396
223.754883 65.455 -48.3889
224.121094 64.904 -53.7788
224.487305 64.323 -60.7983
224.853516 63.509 -69.8215
225.219727 62.260 -80.3796
225.585938 60.429 -91.3645
225.952148 57.979 -101.0698
226.318359 55.158 -107.4189
226.684570 52.807 -110.8284
227.050781 51.805 -119.4795
227.416992 52.145 -141.5173
227.783203 53.797 -172.8003
228.149414 56.274 157.0149
228.515625 58.643 132.1714
228.881836 60.444 112.2031
229.248047 61.618 96.3735
229.614258 62.276 84.5562
229.980469 62.633 76.8579
230.346680 62.975 72.8882
230.712891 63.541 71.1858
231.079102 64.364 69.7896
231.445312 65.302 67.5295
231.811523 66.209 64.2998
232.177734 67.015 60.4331
232.543945 67.707 56.2117
232.910156 68.286 51.7771
233.276367 68.748 47.2322
233.642578 69.094 42.7339
234.008789 69.337 38.4780
234.375000 69.511 34.5981
234.741211 69.660 31.0635
235.107422 69.811 27.6787
235.473633 69.964 24.2104
235.839844 70.094 20.5505
236.206055 70.179 16.7781
236.572266 70.212 13.0881
236.938477 70.215 9.6516
237.304688 70.224 6.4937
237.670898 70.266 3.4653
238.037109 70.343 0.3301
238.403320 70.432 -3.0974
238.769531 70.497 -6.8621
239.135742 70.507 -10.8784
239.501953 70.441 -14.9968
239.868164 70.292 -19.0713
240.234375 70.058 -22.9866
240.600586 69.732 -26.6443
240.966797 69.309 -29.9114
241.333008 68.786 -32.5737
241.699219 68.180 -34.3376
242.065430 67.541 -34.9282
242.431641 66.951 -34.2930
242.797852 66.495 -32.7817
243.164062 66.196 -31.0354
243.530273 66.009 -29.5520
243.896484 65.867 -28.3635
244.262695 65.749 -27.1665
244.628906 65.700 -25.7622
244.995117 65.786 -24.4167
245.361328 66.011 -23.7639
245.727539 66.295 -24.2878
246.093750 66.527 -25.9431
246.459961 66.631 -28.2251
246.826172 66.596 -30.4619
247.192383 66.473 -32.1060
247.558594 66.350 -32.9634
247.924805 66.307 -33.2896
248.291016 66.368 -33.6223
248.657227 66.490 -34.4209
249.023438 66.595 -35.8010
249.389648 66.615 -37.5144
249.755859 66.519 -39.0710
250.122070 66.330 -39.9065
250.488281 66.133 -39.6184
250.854492 66.050 -38.2910
251.220703 66.170 -36.6309
251.586914 66.473 -35.5444
251.953125 66.856 -35.4541
252.319336 67.233 -36.1255
252.685547 67.600 -37.0847
253.051758 68.026 -38.1802
253.417969 68.574 -39.8582
253.784180 69.218 -42.8547
254.150391 69.845 -47.5752
254.516602 70.327 -53.8083
254.882812 70.582 -60.8818
255.249023 70.593 -67.9280
255.615234 70.421 -74.1230
255.981445 70.199 -78.9875
256.347656 70.089 -82.7490
256.713867 70.186 -86.3948
257.080078 70.446 -91.0479
257.446289 70.732 -97.2319
257.812500 70.918 -104.7903
258.178711 70.936 -113.2488
258.544922 70.775 -122.1377
258.911133 70.457 -131.1426
259.277344 70.014 -140.1223
259.643555 69.475 -149.0369
260.009766 68.864 -157.8389
260.375977 68.215 -166.4072
260.742188 67.590 -174.6057
261.108398 67.085 177.5234
261.474609 66.789 169.5771
261.840820 66.728 160.8906
262.207031 66.839 150.9595
262.573242 67.008 139.7778
262.939453 67.129 127.8132
263.305664 67.138 115.7751
263.671875 67.020 104.3960
264.038086 66.814 94.2473
264.404297 66.600 85.5530
264.770508 66.463 78.0510
265.136719 66.435 71.0969
265.502930 66.473 64.0681
265.869141 66.489 56.7488
266.235352 66.405 49.3901
266.601562 66.196 42.5225
266.967773 65.895 36.7058
267.333984 65.592 32.2725
267.700195 65.392 29.1172
268.066406 65.366 26.6924
268.432617 65.511 24.3254
268.798828 65.765 21.5972
269.165039 66.061 18.4375
269.531250 66.353 14.9690
269.897461 66.623 11.3293
270.263672 66.860 7.5979
270.629883 67.056 3.8110
270.996094 67.203 0.0024
271.362305 67.292 -3.7800
271.728516 67.320 -7.4873
272.094727 67.289 -11.0923
272.460938 67.196 -14.5869
272.827148 67.034 -17.9431
273.193359 66.793 -21.0549
273.559570 66.476 -23.7100
273.925781 66.114 -25.6492
274.291992 65.774 -26.7415
274.658203 65.542 -27.2222
275.024414 65.464 -27.7476
275.390625 65.500 -29.0581
275.756836 65.541 -31.4963
276.123047 65.478 -34.8469
276.489258 65.250 -38.5312
276.855469 64.865 -41.9224
277.221680 64.378 -44.6482
277.587891 63.849 -46.7844
277.954102 63.269 -48.7024
278.320312 62.537 -50.5100
278.686523 61.503 -51.4128
279.052734 60.106 -49.2659
279.418945 58.663 -40.8054
279.785156 58.177 -25.8037
280.151367 59.186 -12.4773
280.517578 60.722 -6.3445
280.883789 61.987 -5.0562
281.250000 62.850 -5.2708
281.616211 63.476 -5.0288
281.982422 64.110 -3.9275
282.348633 64.911 -2.8550
282.714844 65.852 -2.9624
283.081055 66.803 -4.6858
283.447266 67.655 -7.7527
283.813477 68.367 -11.6794
284.179688 68.943 -16.0891
284.545898 69.394 -20.7578
284.912109 69.730 -25.5225
285.278320 69.963 -30.1926
285.644531 70.118 -34.5642
286.010742 70.243 -38.5354
286.376953 70.394 -42.2441
286.743164 70.599 -46.0715
287.109375 70.838 -50.4475
287.475586 71.055 -55.6062
287.841797 71.188 -61.5066
288.208008 71.198 -67.9326
288.574219 71.069 -74.6531
288.940430 70.803 -81.5310
289.306641 70.396 -88.5449
289.672852 69.822 -95.7153
290.039062 69.035 -102.9878
290.405273 67.967 -110.1284
290.771484 66.541 -116.6467
291.137695 64.668 -121.6868
291.503906 62.250 -123.6985
291.870117 59.225 -119.3740
292.236328 56.122 -101.5920
292.602539 55.625 -69.7476
292.968750 58.258 -48.7551
293.334961 61.111 -42.6592
293.701172 63.386 -43.8579
294.067383 65.112 -48.5764
294.433594 66.386 -55.1487
294.799805 67.283 -62.7136
295.166016 67.855 -70.7651
295.532227 68.139 -78.9707
295.898438 68.154 -87.0654
296.264648 67.910 -94.7729
296.630859 67.419 -101.7537
296.997070 66.702 -107.6016
297.363281 65.808 -111.9045
297.729492 64.806 -114.3655
298.095703 63.776 -114.8823
298.461914 62.776 -113.4209
298.828125 61.873 -109.7156
299.194336 61.237 -103.4209
299.560547 61.164 -95.3633
299.926758 61.780 -88.3245
300.292969 62.801 -84.7310
300.659180 63.838 -84.6333
301.025391 64.683 -86.7039
301.391602 65.319 -89.5835
301.757812 65.836 -92.4661
302.124023 66.349 -95.2854
302.490234 66.916 -98.5537
302.856445 67.499 -102.8379
303.222656 68.004 -108.2959
303.588867 68.343 -114.6233
303.955078 68.477 -121.2683
304.321289 68.412 -127.6660
304.687500 68.197 -133.4138
305.053711 67.894 -138.3865
305.419922 67.551 -142.7388
305.786133 67.172 -146.7341
306.152344 66.721 -150.4734
306.518555 66.153 -153.7119
306.884766 65.463 -155.8765
307.250977 64.725 -156.2915
307.617188 64.108 -154.6589
307.983398 63.811 -151.6438
308.349609 63.912 -148.8169
308.715820 64.300 -147.5825
309.082031 64.787 -148.3696
309.448242 65.233 -150.8572
309.814453 65.569 -154.4868
310.180664 65.780 -158.7290
310.546875 65.879 -163.1492
310.913086 65.900 -167.4255
311.279297 65.897 -171.3955
311.645508 65.923 -175.1230
312.011719 66.013 -178.9097
312.377930 66.157 176.8347
312.744141 66.298 171.8184
313.110352 66.353 166.0356
313.476562 66.246 159.7949
313.842773 65.926 153.6541
314.208984 65.388 148.3384
314.575195 64.687 144.6135
314.941406 63.956 143.0110
315.307617 63.377 143.3760
315.673828 63.075 144.6807
316.040039 63.018 145.7063
316.406250 63.079 145.9780
316.772461 63.170 145.8076
317.138672 63.310 145.6255
317.504883 63.576 145.3657
317.871094 64.004 144.4048
318.237305 64.536 142.0889
318.603516 65.065 138.2419
318.969727 65.505 133.1636
319.335938 65.827 127.3225
319.702148 66.046 121.0815
320.068359 66.193 114.5732
320.434570 66.284 107.7371
320.800781 66.306 100.4751
321.166992 66.227 92.8164
321.533203 66.012 84.9854
321.899414 65.650 77.3516
322.265625 65.165 70.2991
322.631836 64.612 64.0574
322.998047 64.056 58.5591
323.364258 63.530 53.4619
323.730469 63.012 48.4055
324.096680 62.437 43.3394
324.462891 61.751 38.6753
324.829102 60.966 35.1851
325.195312 60.210 33.6143
325.561523 59.726 33.9014
325.927734 59.719 34.4895
326.293945 60.141 33.1311
326.660156 60.739 28.6016
327.026367 61.264 21.0022
327.392578 61.572 10.9824
327.758789 61.596 -0.8125
328.125000 61.312 -13.9121
328.491211 60.718 -28.0471
328.857422 59.822 -43.1685
329.223633 58.649 -59.4990
329.589844 57.242 -77.6182
329.956055 55.699 -98.5054
330.322266 54.242 -123.2563
330.688477 53.262 -151.8809
331.054688 53.089 178.2754
331.420898 53.593 151.0681
331.787109 54.343 128.2505
332.153320 55.046 109.5396
332.519531 55.624 94.0842
332.885742 56.128 80.9482
333.251953 56.632 69.0771
333.618164 57.160 57.4116
333.984375 57.671 45.2170
334.350586 58.101 32.2932
334.716797 58.408 18.8972
335.083008 58.601 5.5139
335.449219 58.738 -7.3955
335.815430 58.910 -19.6338
336.181641 59.202 -31.4167
336.547852 59.641 -43.2737
336.914062 60.180 -55.6990
337.280273 60.733 -68.8596
337.646484 61.220 -82.5718
338.012695 61.595 -96.4568
338.378906 61.855 -110.1099
338.745117 62.022 -123.2200
339.111328 62.137 -135.6396
339.477539 62.236 -147.3904
339.843750 62.333 -158.5913
340.209961 62.423 -169.3401
340.576172 62.489 -179.6309
340.942383 62.521 170.6326
341.308594 62.527 161.5361
341.674805 62.521 153.0437
342.041016 62.509 144.9673
342.407227 62.466 137.0784
342.773438 62.340 129.2930
343.139648 62.076 121.8015
343.505859 61.646 115.0586
343.872070 61.079 109.6292
344.238281 60.471 105.8865
344.604492 59.949 103.6536
344.970703 59.583 102.1763
345.336914 59.330 100.7354
345.703125 59.105 99.3013
346.069336 58.902 98.4084
346.435547 58.845 98.2898
346.801758 59.075 98.0308
347.167969 59.552 95.9736
347.534180 60.042 91.1738
347.900391 60.287 83.9463
348.266602 60.113 75.3530
348.632812 59.428 66.7627
348.999023 58.211 59.8040
349.365234 56.554 56.4675
349.731445 54.787 58.6897
350.097656 53.508 66.2451
350.463867 53.048 75.2605
350.830078 53.085 82.7249
351.196289 53.311 89.1619
351.562500 53.779 95.2949
351.928711 54.555 100.1128
352.294922 55.457 102.5535
352.661133 56.247 103.1262
353.027344 56.862 103.2742
353.393555 57.443 104.0347
353.759766 58.198 105.0891
354.125977 59.187 105.0017
354.492188 60.260 102.6907
354.858398 61.221 98.2373
355.224609 61.963 92.4197
355.590820 62.478 86.0530
355.957031 62.820 79.6384
356.323242 63.054 73.2568
356.689453 63.209 66.6792
357.055664 63.260 59.6455
357.421875 63.144 52.1316
357.788086 62.792 44.4404
358.154297 62.163 37.1426
358.520508 61.252 30.9717
358.886719 60.107 26.7085
359.252930 58.832 25.0332
359.619141 57.585 26.3223
359.985352 56.562 30.4365
360.351562 55.953 36.5195
360.717773 55.866 42.8843
361.083984 56.215 47.5601
361.450195 56.740 49.4482
361.816406 57.171 48.7493
362.182617 57.332 46.4309
362.548828 57.152 43.6616
362.915039 56.631 41.5566
363.281250 55.818 41.1357
363.647461 54.798 43.4336
364.013672 53.736 49.7473
364.379883 53.045 61.3005
364.746094 53.438 76.3247
365.112305 55.112 88.3125
365.478516 57.341 93.2148
365.844727 59.474 92.0435
366.210938 61.266 86.9224
366.577148 62.674 79.4114
366.943359 63.718 70.5054
367.309570 64.430 60.8547
367.675781 64.848 50.9158
368.041992 65.010 41.0278
368.408203 64.959 31.4326
368.774414 64.739 22.2534
369.140625 64.395 13.4580
369.506836 63.954 4.8516
369.873047 63.404 -3.8467
370.239258 62.695 -12.8477
370.605469 61.739 -22.1172
370.971680 60.424 -31.2397
371.337891 58.635 -39.2314
371.704102 56.286 -44.1250
372.070312 53.510 -42.2188
372.436523 51.278 -29.6641
372.802734 51.102 -13.5166
373.168945 52.196 -6.0200
373.535156 53.161 -6.0400
373.901367 53.692 -9.0781
374.267578 53.939 -12.7344
374.633789 54.123 -16.5430
375.000000 54.357 -21.2876
375.366211 54.585 -27.9512
375.732422 54.651 -36.8926
376.098633 54.403 -47.8311
376.464844 53.732 -60.1768
376.831055 52.557 -73.2378
377.197266 50.809 -86.1890
377.563477 48.432 -97.8193
377.929688 45.459 -105.9849
378.295898 42.340 -107.3979
378.662109 40.435 -102.6543
379.028320 40.487 -103.3896
379.394531 41.393 -115.7793
379.760742 42.456 -135.3018
380.126953 43.500 -156.1069
380.493164 44.337 -174.0088
380.859375 44.836 173.6475
381.225586 45.167 168.8574
381.591797 45.990 171.5908
381.958008 47.900 176.3638
382.324219 50.484 176.9224
382.690430 53.023 172.5542
383.056641 55.201 165.0107
383.422852 56.963 155.7554
383.789062 58.342 145.6621
384.155273 59.386 135.2383
384.521484 60.148 124.7925
384.887695 60.684 114.5029
385.253906 61.054 104.4189
385.620117 61.316 94.4341
385.986328 61.515 84.2896
386.352539 61.667 73.6602
386.718750 61.758 62.2935
387.084961 61.760 50.1377
387.451172 61.645 37.3838
387.817383 61.409 24.4336
388.183594 61.082 11.8125
388.549805 60.738 0.0239
388.916016 60.485 -10.6782
389.282227 60.439 -20.5200
389.648438 60.653 -30.1831
390.014648 61.085 -40.3979
390.380859 61.628 -51.5073
390.747070 62.179 -63.4014
391.113281 62.671 -75.7197
391.479492 63.079 -88.0669
391.845703 63.403 -100.1270
392.211914 63.655 -111.7007
392.578125 63.845 -122.6743
392.944336 63.976 -132.9609
393.310547 64.046 -142.4351
393.676758 64.060 -150.9004
394.042969 64.041 -158.1284
394.409180 64.041 -163.9668
394.775391 64.136 -168.5083
395.141602 64.389 -172.1987
395.507812 64.816 -175.7271
395.874023 65.367 -179.7236
396.240234 65.958 175.4893
396.606445 66.508 169.9126
396.972656 66.959 163.7388
397.338867 67.278 157.2241
397.705078 67.450 150.6196
398.071289 67.471 144.1499
398.437500 67.346 138.0288
398.803711 67.082 132.4766
399.169922 66.703 127.7295
399.536133 66.250 123.9995
399.902344 65.787 121.3643
400.268555 65.386 119.6182
400.634766 65.088 118.2378
401.000977 64.864 116.6191
401.367188 64.623 114.4575
401.733398 64.259 111.9634
402.099609 63.701 109.8203
402.465820 62.953 109.0127
402.832031 62.121 110.5293
403.198242 61.428 114.7993
403.564453 61.113 121.0269
403.930664 61.250 127.4897
404.296875 61.718 132.9141
404.663086 62.366 137.0771
405.029297 63.117 140.2383
405.395508 63.955 142.5864
405.761719 64.882 144.1094
406.127930 65.890 144.6548
406.494141 66.956 143.9927
406.860352 68.029 141.9082
407.226562 69.036 138.3301
407.592773 69.894 133.4229
407.958984 70.537 127.5845
408.325195 70.926 121.3843
408.691406 71.060 115.4824
409.057617 70.985 110.5288
409.423828 70.802 106.9907
409.790039 70.643 104.8882
410.156250 70.621 103.6436
410.522461 70.756 102.3623
410.888672 70.976 100.4170
411.254883 71.186 97.7310
411.621094 71.333 94.5859
411.987305 71.409 91.2979
412.353516 71.433 88.0190
412.719727 71.415 84.7510
413.085938 71.346 81.4922
413.452148 71.210 78.3975
413.818359 71.010 75.7969
414.184570 70.796 74.0322
414.550781 70.660 73.1631
414.916992 70.694 72.7402
415.283203 70.916 71.9585
415.649414 71.254 70.1582
416.015625 71.603 67.1704
416.381836 71.880 63.2310
416.748047 72.047 58.7183
417.114258 72.101 53.9517
417.480469 72.052 49.1138
417.846680 71.909 44.2700
418.212891 71.667 39.4473
418.579102 71.312 34.7261
418.945312 70.829 30.2910
419.311523 70.220 26.4272
419.677734 69.510 23.4492
420.043945 68.760 21.5698
420.410156 68.048 20.7266
420.776367 67.437 20.4902
421.142578 66.931 20.2119
421.508789 66.465 19.3760
421.875000 65.936 17.8633
422.241211 65.248 15.9653
422.607422 64.331 14.2646
422.973633 63.151 13.5498
423.339844 61.705 14.8486
423.706055 60.049 19.6431
424.072266 58.433 30.0547
424.438477 57.588 47.1460
424.804688 58.351 65.5562
425.170898 60.283 77.1621
425.537109 62.377 80.9814
425.903320 64.154 79.6240
426.269531 65.502 75.3188
426.635742 66.424 69.5327
427.001953 66.963 63.2578
427.368164 67.178 57.1978
427.734375 67.140 51.8232
428.100586 66.923 47.3652
428.466797 66.590 43.8262
428.833008 66.170 41.1064
429.199219 65.659 39.2310
429.565430 65.059 38.5332
429.931641 64.434 39.5825
430.297852 63.954 42.6621
430.664062 63.833 46.9551
431.030273 64.130 50.5493
431.396484 64.665 51.8926
431.762695 65.186 50.7734
432.128906 65.521 47.8677
432.495117 65.598 44.0488
432.861328 65.402 40.0977
433.227539 64.946 36.6846
433.593750 64.258 34.4771
433.959961 63.397 34.2759
434.326172 62.513 36.9810
434.692383 61.910 42.9072
435.058594 61.937 50.3872
435.424805 62.610 56.0825
435.791016 63.558 57.9785
436.157227 64.398 56.3848
436.523438 64.922 52.5771
436.889648 65.051 47.8916
437.255859 64.775 43.5625
437.622070 64.141 40.8066
437.988281 63.275 40.8359
438.354492 62.430 44.5083
438.720703 61.958 51.4116
439.086914 62.093 59.3540
439.453125 62.748 65.8706
439.819336 63.669 69.9229
440.185547 64.659 71.6221
440.551758 65.607 71.4009
440.917969 66.453 69.6904
441.284180 67.169 66.8823
441.650391 67.747 63.3027
442.016602 68.194 59.1650
442.382812 68.515 54.5537
442.749023 68.700 49.4810
443.115234 68.715 44.0078
443.481445 68.513 38.3672
443.847656 68.046 33.0547
444.213867 67.294 28.8745
444.580078 66.305 26.9351
444.946289 65.254 28.3887
445.312500 64.488 33.4839
445.678711 64.333 40.3418
446.044922 64.759 45.9951
446.411133 65.454 49.0938
446.777344 66.170 50.0718
447.143555 66.825 49.7505
447.509766 67.425 48.6011
447.875977 67.988 46.6885
448.242188 68.497 43.8970
448.608398 68.908 40.1680
448.974609 69.164 35.6172
449.340820 69.213 30.5503
449.707031 69.022 25.4258
450.073242 68.589 20.8115
450.439453 67.953 17.3042
450.805664 67.203 15.3569
451.171875 66.463 15.0093
451.538086 65.828 15.7749
451.904297 65.307 17.0195
452.270508 64.852 18.5703
452.636719 64.471 20.7524
453.002930 64.277 23.6191
453.369141 64.383 26.1748
453.735352 64.712 26.9233
454.101562 65.017 25.3125
454.467773 65.068 22.1538
454.833984 64.773 19.0938
455.200195 64.226 18.0220
455.566406 63.764 20.0693
455.932617 63.808 23.8506
456.298828 64.391 25.8979
456.665039 65.097 24.3940
457.031250 65.541 20.1694
457.397461 65.552 15.0342
457.763672 65.126 10.8462
458.129883 64.401 9.2744
458.496094 63.671 11.3281
458.862305 63.317 16.3218
459.228516 63.515 21.7598
459.594727 64.104 25.4482
459.960938 64.828 26.8315
460.327148 65.523 26.2334
460.693359 66.097 24.0981
461.059570 66.491 20.8901
461.425781 66.669 17.1831
461.791992 66.642 13.6372
462.158203 66.481 10.8091
462.524414 66.303 8.8394
462.890625 66.218 7.2363
463.256836 66.242 5.1152
463.623047 66.287 1.8237
463.989258 66.234 -2.6899
464.355469 65.997 -8.0181
464.721680 65.545 -13.6201
465.087891 64.886 -19.0684
465.454102 64.037 -24.1611
465.820312 62.985 -28.8735
466.186523 61.652 -33.1030
466.552734 59.884 -36.2051
466.918945 57.464 -36.1084
467.285156 54.332 -27.0498
467.651367 52.145 0.4424
468.017578 53.966 28.7910
468.383789 56.902 38.3174
468.750000 59.082 38.1978
469.116211 60.497 34.6792
469.482422 61.340 30.2910
469.848633 61.783 26.1836
470.214844 61.976 22.8506
470.581055 62.045 20.3032
470.947266 62.068 18.1733
471.313477 62.053 15.9692
471.679688 61.949 13.4136
472.045898 61.684 10.6440
472.412109 61.212 8.2012
472.778320 60.556 6.8691
473.144531 59.838 7.3462
473.510742 59.267 9.6230
473.876953 59.025 12.4424
474.243164 59.081 13.9087
474.609375 59.213 12.9131
474.975586 59.181 9.5376
475.341797 58.817 4.4790
475.708008 58.010 -1.4390
476.074219 56.658 -7.3965
476.440430 54.608 -12.4458
476.806641 51.544 -14.9619
477.172852 46.671 -9.7441
477.539062 39.660 37.0820
477.905273 45.227 102.9390
478.271484 50.922 113.8999
478.637695 54.700 114.7217
479.003906 57.573 112.2295
479.370117 59.907 107.7817
479.736328 61.837 101.9209
480.102539 63.425 95.0513
480.468750 64.711 87.5283
480.834961 65.728 79.6519
481.201172 66.508 71.6514
481.567383 67.083 63.6841
481.933594 67.479 55.8496
482.299805 67.717 48.2109
482.666016 67.813 40.8223
483.032227 67.785 33.7402
483.398438 67.651 27.0112
483.764648 67.437 20.6421
484.130859 67.166 14.5688
484.497070 66.857 8.6558
484.863281 66.516 2.7412
485.229492 66.140 -3.3071
485.595703 65.728 -9.5752
485.961914 65.292 -16.1543
486.328125 64.852 -23.2437
486.694336 64.427 -31.2046
487.060547 64.018 -40.5083
487.426758 63.609 -51.5859
487.792969 63.182 -64.6768
488.159180 62.753 -79.7417
488.525391 62.379 -96.4141
488.891602 62.147 -113.9795
489.257812 62.135 -131.4897
489.624023 62.374 -148.0728
489.990234 62.830 -163.2637
490.356445 63.429 -177.0688
490.722656 64.074 170.2573
491.088867 64.673 158.4834
491.455078 65.155 147.5371
491.821289 65.483 137.4946
492.187500 65.653 128.4956
492.553711 65.689 120.6362
492.919922 65.626 113.8950
493.286133 65.489 108.1372
493.652344 65.281 103.2139
494.018555 64.986 99.1147
494.384766 64.591 96.0635
494.750977 64.117 94.4897
495.117188 63.646 94.8320
495.483398 63.332 97.1489
495.849609 63.331 100.7046
496.215820 63.695 104.0977
496.582031 64.320 106.0815
496.948242 65.034 106.1958
497.314453 65.688 104.6660
497.680664 66.194 102.0342
498.046875 66.514 98.9219
498.413086 66.654 95.9229
498.779297 66.654 93.5376
499.145508 66.588 92.0781
499.511719 66.543 91.5547
499.877930 66.594 91.6284
