* Measurement data measured by REW V5.31.3
* Source: EXCL: Microphone (Umik-1  Gain: 18dB  ), MICROPHONE (Master Volume), R, volume: 0.520
* Format: 256k Log Swept Sine, 1 sweep at -12.0 dBFS with no timing reference
* Dated: Oct 3, 2026 3:33:02 PM
* REW Settings:
*  C-weighting compensation: Off
*  Target level: 75.0 dB
* Note: ; 
* Measurement: R Lcenter-low bass only, 0pha Oct 3
* Smoothing: None
* Frequency Step: 0.36621094 Hz
* Start Frequency: 15.014648 Hz
*
* Freq(Hz) SPL(dB) Phase(degrees)
15.014648 70.339 111.9132
15.380859 70.720 110.7942
15.747070 71.280 108.9688
16.113281 71.865 105.3079
16.479492 72.229 99.7938
16.845703 72.153 93.5202
17.211914 71.507 88.6094
17.578125 70.375 88.6882
17.944336 69.586 97.8657
18.310547 70.682 110.8707
18.676758 73.180 114.8352
19.042969 75.578 109.2676
19.409180 77.375 98.5165
19.775391 78.542 85.4684
20.141602 79.138 71.8613
20.507812 79.245 58.9774
20.874023 78.980 47.9383
21.240234 78.535 39.5995
21.606445 78.185 33.9435
21.972656 78.144 29.4905
22.338867 78.369 24.1403
22.705078 78.599 16.9036
23.071289 78.588 8.2409
23.437500 78.206 -0.6587
23.803711 77.443 -8.4037
24.169922 76.416 -13.7006
24.536133 75.379 -15.9299
24.902344 74.611 -16.0052
25.268555 74.170 -16.0361
25.634766 73.842 -17.3048
26.000977 73.402 -19.3475
26.367188 72.811 -20.8739
26.733398 72.220 -21.0232
27.099609 71.835 -20.2908
27.465820 71.694 -20.2410
27.832031 71.604 -21.8828
28.198242 71.329 -24.7612
28.564453 70.748 -27.3524
28.930664 69.931 -27.6665
29.296875 69.219 -24.1779
29.663086 69.144 -17.9806
30.029297 69.858 -13.2900
30.395508 70.910 -12.9550
30.761719 71.819 -16.5129
31.127930 72.355 -22.3011
31.494141 72.453 -28.7381
31.860352 72.129 -34.4662
32.226562 71.463 -38.2730
32.592773 70.619 -39.1846
32.958984 69.833 -36.8441
33.325195 69.346 -31.8467
33.691406 69.301 -25.4194
34.057617 69.763 -18.9323
34.423828 70.717 -14.0201
34.790039 71.990 -12.2214
35.156250 73.299 -14.0049
35.522461 74.409 -18.7059
35.888672 75.201 -25.1747
36.254883 75.651 -32.2403
36.621094 75.810 -38.8966
36.987305 75.786 -44.4413
37.353516 75.722 -48.6783
37.719727 75.737 -52.0308
38.085938 75.862 -55.2569
38.452148 76.037 -58.8755
38.818359 76.181 -62.8781
39.184570 76.261 -66.9274
39.550781 76.299 -70.7407
39.916992 76.337 -74.3560
40.283203 76.390 -78.1065
40.649414 76.417 -82.3220
41.015625 76.342 -87.0241
41.381836 76.103 -91.8547
41.748047 75.685 -96.2131
42.114258 75.138 -99.4888
42.480469 74.572 -101.3516
42.846680 74.113 -102.0062
43.212891 73.839 -102.1398
43.579102 73.743 -102.4754
43.945312 73.772 -103.3895
44.311523 73.882 -104.9729
44.677734 74.048 -107.2809
45.043945 74.232 -110.3914
45.410156 74.377 -114.2383
45.776367 74.426 -118.4554
46.142578 74.369 -122.4131
46.508789 74.270 -125.4887
46.875000 74.266 -127.5458
47.241211 74.481 -129.3208
47.607422 74.904 -132.0679
47.973633 75.382 -136.5773
48.339844 75.730 -142.6953
48.706055 75.839 -149.5958
49.072266 75.701 -156.2026
49.438477 75.421 -161.5690
49.804688 75.205 -165.4125
50.170898 75.253 -168.6351
50.537109 75.590 -172.8923
50.903320 76.048 -179.2308
51.269531 76.433 172.5108
51.635742 76.645 163.2137
52.001953 76.694 153.8503
52.368164 76.679 145.0293
52.734375 76.724 136.6570
53.100586 76.888 127.9466
53.466797 77.102 118.0023
53.833008 77.209 106.4821
54.199219 77.057 93.7452
54.565430 76.551 80.6608
54.931641 75.696 68.4473
55.297852 74.654 58.4614
55.664062 73.821 51.2809
56.030273 73.667 44.9453
56.396484 74.241 35.6777
56.762695 75.159 21.7972
57.128906 76.061 4.4095
57.495117 76.760 -14.4872
57.861328 77.166 -33.0428
58.227539 77.239 -49.7163
58.593750 77.018 -63.1937
58.959961 76.673 -72.5389
59.326172 76.507 -77.9878
59.692383 76.753 -81.6926
60.058594 77.306 -86.3319
60.424805 77.848 -92.8817
60.791016 78.148 -100.6633
61.157227 78.143 -108.4783
61.523438 77.912 -115.3217
61.889648 77.620 -120.8165
62.255859 77.435 -125.4866
62.622070 77.412 -130.4428
62.988281 77.469 -136.4974
63.354492 77.487 -143.6497
63.720703 77.408 -151.3108
64.086914 77.253 -158.7782
64.453125 77.109 -165.6304
64.819336 77.072 -171.9557
65.185547 77.186 -178.2800
65.551758 77.411 174.8194
65.917969 77.655 167.0728
66.284180 77.822 158.5644
66.650391 77.847 149.5679
67.016602 77.693 140.3813
67.382812 77.343 131.2365
67.749023 76.788 122.2697
68.115234 76.015 113.5359
68.481445 74.994 105.0649
68.847656 73.664 96.9697
69.213867 71.935 89.6313
69.580078 69.682 84.0313
69.946289 66.794 82.4594
70.312500 63.449 89.7621
70.678711 61.077 110.2945
71.044922 61.282 131.6935
71.411133 62.428 142.7507
71.777344 63.349 148.6601
72.143555 64.227 153.6023
72.509766 65.394 157.1223
72.875977 66.750 157.2934
73.242188 67.959 154.0527
73.608398 68.808 148.9991
73.974609 69.292 144.0933
74.340820 69.591 140.8723
74.707031 70.017 139.5978
75.073242 70.810 138.6567
75.439453 71.901 135.8390
75.805664 73.017 130.3050
76.171875 73.941 122.6002
76.538086 74.585 113.6851
76.904297 74.952 104.3743
77.270508 75.087 95.1810
77.636719 75.045 86.3231
78.002930 74.863 77.8215
78.369141 74.551 69.6696
78.735352 74.108 62.0009
79.101562 73.542 55.1455
79.467773 72.911 49.5023
79.833984 72.326 45.2100
80.200195 71.910 41.7869
80.566406 71.699 38.2034
80.932617 71.602 33.5582
81.298828 71.469 27.6473
81.665039 71.180 20.9074
82.031250 70.685 14.0615
82.397461 70.004 7.8240
82.763672 69.216 2.6844
83.129883 68.432 -1.2778
83.496094 67.749 -4.4747
83.862305 67.210 -7.6395
84.228516 66.782 -11.4731
84.594727 66.393 -16.3949
84.960938 65.959 -22.5140
85.327148 65.403 -29.6834
85.693359 64.657 -37.5148
86.059570 63.676 -45.3436
86.425781 62.454 -52.1789
86.791992 61.071 -56.7302
87.158203 59.761 -57.8229
87.524414 58.910 -55.6091
87.890625 58.770 -52.4023
88.256836 59.202 -50.6560
88.623047 59.927 -50.8270
88.989258 60.827 -52.3096
89.355469 61.907 -54.9121
89.721680 63.152 -59.0639
90.087891 64.459 -65.1649
90.454102 65.701 -73.1187
90.820312 66.784 -82.4149
91.186523 67.673 -92.4072
91.552734 68.378 -102.5155
91.918945 68.943 -112.3362
92.285156 69.421 -121.7002
92.651367 69.857 -130.6675
93.017578 70.264 -139.4287
93.383789 70.625 -148.1412
93.750000 70.902 -156.7942
94.116211 71.062 -165.1748
94.482422 71.100 -172.9329
94.848633 71.047 -179.7174
95.214844 70.971 174.6373
95.581055 70.952 169.9377
95.947266 71.034 165.6343
96.313477 71.194 161.1052
96.679688 71.352 156.0178
97.045898 71.424 150.4617
97.412109 71.360 144.8324
97.778320 71.160 139.6287
98.144531 70.868 135.2520
98.510742 70.565 131.8229
98.876953 70.321 129.0853
99.243164 70.161 126.5286
99.609375 70.049 123.7059
99.975586 69.912 120.4971
100.341797 69.688 117.1356
100.708008 69.349 114.0750
101.074219 68.914 111.8221
101.440430 68.446 110.7723
101.806641 68.041 111.0337
102.172852 67.793 112.3058
102.539062 67.752 113.9597
102.905273 67.899 115.3462
103.271484 68.173 116.0779
103.637695 68.513 116.0646
104.003906 68.873 115.3801
104.370117 69.229 114.1365
104.736328 69.563 112.4377
105.102539 69.868 110.3809
105.468750 70.142 108.0496
105.834961 70.387 105.4836
106.201172 70.604 102.6575
106.567383 70.783 99.5134
106.933594 70.896 96.0579
107.299805 70.910 92.4608
107.666016 70.812 89.0793
108.032227 70.629 86.3568
108.398438 70.441 84.5754
108.764648 70.354 83.5471
109.130859 70.425 82.5509
109.497070 70.611 80.7815
109.863281 70.792 77.9296
110.229492 70.862 74.3093
110.595703 70.778 70.5757
110.961914 70.576 67.3481
111.328125 70.345 64.8823
111.694336 70.167 62.9111
112.060547 70.062 60.8538
112.426758 69.974 58.2950
112.792969 69.830 55.2642
113.159180 69.593 52.1035
113.525391 69.277 49.1475
113.891602 68.926 46.4771
114.257812 68.566 43.9148
114.624023 68.182 41.2517
114.990234 67.744 38.4664
115.356445 67.234 35.7003
115.722656 66.658 33.0293
116.088867 66.010 30.3120
116.455078 65.219 27.3922
116.821289 64.142 24.6385
117.187500 62.631 23.5953
117.553711 60.731 27.6189
117.919922 59.236 40.4211
118.286133 59.507 56.5210
118.652344 60.954 64.4573
119.018555 62.160 64.5763
119.384766 62.663 61.7843
119.750977 62.532 60.0250
120.117188 62.147 62.0530
120.483398 62.158 67.8159
120.849609 62.904 73.0770
121.215820 63.970 74.2480
121.582031 64.823 71.7676
121.948242 65.243 67.7019
122.314453 65.241 63.9482
122.680664 64.960 61.8210
123.046875 64.619 61.7854
123.413086 64.416 63.2399
123.779297 64.407 64.9689
124.145508 64.510 66.1326
124.511719 64.613 66.6498
124.877930 64.661 66.8260
125.244141 64.634 66.9863
125.610352 64.526 67.4519
125.976562 64.350 68.6833
126.342773 64.177 71.2490
126.708984 64.169 75.3640
127.075195 64.507 80.2246
127.441406 65.224 84.1730
127.807617 66.154 85.9836
128.173828 67.084 85.5947
128.540039 67.883 83.6719
128.906250 68.512 80.9979
129.272461 68.997 78.1669
129.638672 69.392 75.4785
130.004883 69.750 72.9346
130.371094 70.103 70.3221
130.737305 70.447 67.3726
131.103516 70.749 63.9166
131.469727 70.967 59.9604
131.835938 71.065 55.6714
132.202148 71.025 51.3203
132.568359 70.850 47.2152
132.934570 70.568 43.6343
133.300781 70.224 40.7507
133.666992 69.875 38.5568
134.033203 69.566 36.8313
134.399414 69.313 35.2133
134.765625 69.089 33.3828
135.131836 68.840 31.2430
135.498047 68.512 28.9917
135.864258 68.082 27.0627
136.230469 67.577 25.9595
136.596680 67.082 25.9771
136.962891 66.699 26.8896
137.329102 66.472 27.9348
137.695312 66.324 28.3561
138.061523 66.100 28.0724
138.427734 65.662 27.9053
138.793945 64.987 29.4507
139.160156 64.286 34.5913
139.526367 64.093 43.6150
139.892578 64.843 52.7582
140.258789 66.236 57.4717
140.625000 67.674 57.0886
140.991211 68.833 53.1752
141.357422 69.620 47.3206
141.723633 70.047 40.6752
142.089844 70.165 34.0400
142.456055 70.050 27.9536
142.822266 69.797 22.6825
143.188477 69.502 18.1606
143.554688 69.236 13.9929
143.920898 69.013 9.6306
144.287109 68.794 4.6458
144.653320 68.516 -1.1063
145.019531 68.125 -7.5236
145.385742 67.595 -14.4033
145.751953 66.921 -21.5916
146.118164 66.113 -29.0962
146.484375 65.177 -37.1539
146.850586 64.101 -46.2544
147.216797 62.850 -57.1587
147.583008 61.388 -70.9932
147.949219 59.755 -89.4458
148.315430 58.273 -114.4890
148.681641 57.714 -145.4313
149.047852 58.520 -175.5195
149.414062 60.034 160.9565
149.780273 61.549 143.8516
150.146484 62.834 131.3710
150.512695 63.913 122.1355
150.878906 64.884 115.0667
151.245117 65.824 109.1128
151.611328 66.738 103.3195
151.977539 67.568 97.1013
152.343750 68.230 90.3812
152.709961 68.664 83.5079
153.076172 68.854 77.0811
153.442383 68.846 71.7556
153.808594 68.755 67.9661
154.174805 68.732 65.5537
154.541016 68.876 63.6211
154.907227 69.151 61.0533
155.273438 69.412 57.3149
155.639648 69.515 52.6782
156.005859 69.379 47.9209
156.372070 69.015 43.9526
156.738281 68.519 41.4720
157.104492 68.042 40.5872
157.470703 67.703 40.6318
157.836914 67.500 40.6287
158.203125 67.329 40.0918
158.569336 67.089 39.2732
158.935547 66.762 38.7649
159.301758 66.408 38.9746
159.667969 66.107 39.8470
160.034180 65.896 41.0166
160.400391 65.766 42.2107
160.766602 65.712 43.3790
161.132812 65.758 44.3914
161.499023 65.910 44.7842
161.865234 66.098 44.0272
162.231445 66.181 42.0684
162.597656 66.026 39.5745
162.963867 65.579 37.8077
163.330078 64.931 38.2953
163.696289 64.374 41.9756
164.062500 64.283 47.6855
164.428711 64.714 52.3854
164.794922 65.324 54.2975
165.161133 65.770 54.0800
165.527344 65.927 53.4315
165.893555 65.880 53.9243
166.259766 65.868 56.1970
166.625977 66.132 59.2843
166.992188 66.683 61.2422
167.358398 67.299 60.9761
167.724609 67.751 58.8789
168.090820 67.943 56.1146
168.457031 67.928 53.8488
168.823242 67.876 52.6174
169.189453 67.971 51.8040
169.555664 68.243 49.9452
169.921875 68.522 46.0096
170.288086 68.578 40.1718
170.654297 68.251 33.5668
171.020508 67.498 27.8978
171.386719 66.452 25.1469
171.752930 65.517 26.5353
172.119141 65.195 30.2118
172.485352 65.460 31.9496
172.851562 65.765 30.1519
173.217773 65.682 26.5823
173.583984 65.123 24.1624
173.950195 64.361 25.5684
174.316406 64.009 30.8484
174.682617 64.378 35.5978
175.048828 64.953 36.1898
175.415039 65.092 33.6097
175.781250 64.486 31.1635
176.147461 63.182 33.3118
176.513672 61.956 44.6606
176.879883 62.305 61.2712
177.246094 63.942 71.2041
177.612305 65.468 73.6768
177.978516 66.443 73.2733
178.344727 66.997 73.0950
178.710938 67.429 74.2111
179.077148 67.979 75.8827
179.443359 68.659 76.7004
179.809570 69.315 76.0930
180.175781 69.817 74.5593
180.541992 70.151 72.9639
180.908203 70.398 71.8861
181.274414 70.667 71.2993
181.640625 71.012 70.6808
182.006836 71.405 69.5027
182.373047 71.768 67.6504
182.739258 72.042 65.4342
183.105469 72.222 63.3413
183.471680 72.353 61.7574
183.837891 72.509 60.7501
184.204102 72.752 60.0009
184.570312 73.087 58.9926
184.936523 73.458 57.3588
185.302734 73.791 55.1079
185.668945 74.039 52.5769
186.035156 74.206 50.2089
186.401367 74.347 48.2780
186.767578 74.534 46.6708
187.133789 74.803 44.9026
187.500000 75.120 42.4495
187.866211 75.401 39.1228
188.232422 75.572 35.1622
188.598633 75.601 31.0626
188.964844 75.515 27.3134
189.331055 75.381 24.1503
189.697266 75.270 21.4148
190.063477 75.205 18.6660
190.429688 75.147 15.5333
190.795898 75.022 12.0193
191.162109 74.780 8.5204
191.528320 74.427 5.6169
191.894531 74.037 3.7533
192.260742 73.721 2.9004
192.626953 73.557 2.4471
192.993164 73.524 1.5856
193.359375 73.520 -0.1000
193.725586 73.437 -2.4238
194.091797 73.219 -4.8138
194.458008 72.882 -6.6384
194.824219 72.501 -7.5055
195.190430 72.171 -7.4886
195.556641 71.948 -7.1139
195.922852 71.805 -6.9897
196.289062 71.656 -7.3563
196.655273 71.419 -7.9430
197.021484 71.063 -8.1366
197.387695 70.638 -7.2854
197.753906 70.263 -5.0784
198.120117 70.076 -1.8947
198.486328 70.139 1.2725
198.852539 70.388 3.4734
199.218750 70.697 4.3638
199.584961 70.961 4.1520
199.951172 71.130 3.2544
200.317383 71.192 2.0575
200.683594 71.150 0.8593
201.049805 71.017 -0.0853
201.416016 70.810 -0.5076
201.782227 70.571 -0.1420
202.148438 70.364 1.1531
202.514648 70.267 3.2410
202.880859 70.328 5.6957
203.247070 70.547 8.0326
203.613281 70.885 9.9764
203.979492 71.312 11.4828
204.345703 71.821 12.5426
204.711914 72.409 13.0233
205.078125 73.055 12.7094
205.444336 73.711 11.4766
205.810547 74.323 9.4052
206.176758 74.852 6.7462
206.542969 75.291 3.8013
206.909180 75.652 0.8038
207.275391 75.961 -2.1461
207.641602 76.237 -5.0739
208.007812 76.487 -8.0619
208.374023 76.708 -11.1721
208.740234 76.890 -14.4108
209.106445 77.030 -17.7501
209.472656 77.131 -21.1746
209.838867 77.197 -24.7084
210.205078 77.223 -28.4030
210.571289 77.202 -32.2935
210.937500 77.119 -36.3610
211.303711 76.964 -40.5240
211.669922 76.735 -44.6654
212.036133 76.443 -48.6760
212.402344 76.105 -52.4984
212.768555 75.740 -56.1492
213.134766 75.363 -59.7134
213.500977 74.976 -63.3126
213.867188 74.568 -67.0588
214.233398 74.120 -71.0104
214.599609 73.602 -75.1404
214.965820 72.989 -79.3179
215.332031 72.259 -83.3065
215.698242 71.411 -86.7876
216.064453 70.469 -89.4280
216.430664 69.484 -91.0088
216.796875 68.525 -91.5825
217.163086 67.633 -91.5160
217.529297 66.791 -91.2699
217.895508 65.927 -91.0280
218.261719 64.967 -90.5078
218.627930 63.892 -89.1096
218.994141 62.756 -86.3053
219.360352 61.637 -82.0079
219.726562 60.553 -76.4008
220.092773 59.458 -69.0132
220.458984 58.466 -58.1848
220.825195 58.141 -43.3550
221.191406 58.980 -29.3108
221.557617 60.456 -21.3955
221.923828 61.793 -19.1549
222.290039 62.692 -19.7295
222.656250 63.193 -20.7280
223.022461 63.503 -20.9004
223.388672 63.858 -20.4956
223.754883 64.322 -20.8855
224.121094 64.730 -23.0651
224.487305 64.839 -26.6392
224.853516 64.497 -29.9856
225.219727 63.751 -30.6650
225.585938 63.013 -26.3822
225.952148 63.038 -18.4111
226.318359 64.004 -12.8113
226.684570 65.214 -12.8077
227.050781 66.102 -16.8650
227.416992 66.506 -22.5500
227.783203 66.483 -28.0426
228.149414 66.187 -32.3419
228.515625 65.795 -35.4215
228.881836 65.388 -38.0754
229.248047 64.881 -41.0483
229.614258 64.098 -44.1149
229.980469 62.923 -45.8619
230.346680 61.449 -44.0804
230.712891 60.129 -37.3345
231.079102 59.511 -28.0548
231.445312 59.439 -20.7977
231.811523 59.284 -15.8933
232.177734 58.812 -9.9164
232.543945 58.458 0.2189
232.910156 58.963 12.5117
233.276367 60.255 21.2587
233.642578 61.639 25.2474
234.008789 62.797 26.8075
234.375000 63.808 27.7852
234.741211 64.854 28.3507
235.107422 65.984 27.5874
235.473633 67.079 24.8438
235.839844 67.984 20.3628
236.206055 68.611 14.9481
236.572266 68.958 9.4862
236.938477 69.082 4.6661
237.304688 69.077 0.8315
237.670898 69.031 -2.0569
238.037109 69.000 -4.2961
238.403320 69.000 -6.2101
238.769531 69.025 -8.0144
239.135742 69.069 -9.8646
239.501953 69.119 -11.9435
239.868164 69.141 -14.4199
240.234375 69.082 -17.3011
240.600586 68.888 -20.3309
240.966797 68.536 -23.0238
241.333008 68.051 -24.8153
241.699219 67.512 -25.2913
242.065430 67.028 -24.4285
242.431641 66.686 -22.6552
242.797852 66.503 -20.5707
243.164062 66.444 -18.5464
243.530273 66.476 -16.6227
243.896484 66.599 -14.7340
244.262695 66.839 -12.9755
244.628906 67.206 -11.6768
244.995117 67.672 -11.2421
245.361328 68.166 -11.9070
245.727539 68.611 -13.6096
246.093750 68.944 -16.0232
246.459961 69.142 -18.6820
246.826172 69.225 -21.1434
247.192383 69.246 -23.1641
247.558594 69.269 -24.8275
247.924805 69.321 -26.4927
248.291016 69.378 -28.5298
248.657227 69.384 -31.0508
249.023438 69.291 -33.8632
249.389648 69.090 -36.6423
249.755859 68.811 -39.1703
250.122070 68.492 -41.4866
250.488281 68.146 -43.8346
250.854492 67.742 -46.4215
251.220703 67.230 -49.2046
251.586914 66.575 -51.8895
251.953125 65.781 -54.1182
252.319336 64.871 -55.6823
252.685547 63.849 -56.5430
253.051758 62.671 -56.5007
253.417969 61.278 -54.6537
253.784180 59.758 -49.1711
254.150391 58.566 -38.6808
254.516602 58.298 -25.9808
254.882812 58.747 -16.3773
255.249023 59.172 -10.3066
255.615234 59.261 -4.0574
255.981445 59.404 6.0724
256.347656 60.449 18.8328
256.713867 62.489 27.6082
257.080078 64.727 29.8229
257.446289 66.649 27.5292
257.812500 68.151 23.0267
258.178711 69.289 17.7271
258.544922 70.154 12.3171
258.911133 70.822 7.0249
259.277344 71.333 1.8700
259.643555 71.700 -3.1162
260.009766 71.929 -7.7775
260.375977 72.042 -11.8685
260.742188 72.092 -15.2091
261.108398 72.146 -17.8550
261.474609 72.249 -20.1320
261.840820 72.402 -22.4446
262.207031 72.568 -25.0074
262.573242 72.710 -27.7578
262.939453 72.823 -30.5068
263.305664 72.934 -33.1744
263.671875 73.068 -35.9117
264.038086 73.216 -38.9994
264.404297 73.333 -42.6002
264.770508 73.361 -46.5911
265.136719 73.270 -50.5938
265.502930 73.076 -54.1610
265.869141 72.844 -57.0319
266.235352 72.651 -59.3450
266.601562 72.537 -61.6163
266.967773 72.463 -64.3951
267.333984 72.347 -67.8829
267.700195 72.106 -71.8464
268.066406 71.705 -75.7974
268.432617 71.160 -79.2480
268.798828 70.523 -81.9357
269.165039 69.846 -83.9240
269.531250 69.133 -85.4574
269.897461 68.332 -86.5907
270.263672 67.378 -86.8455
270.629883 66.272 -85.1337
270.996094 65.185 -80.1628
271.362305 64.498 -71.7722
271.728516 64.538 -62.3904
272.094727 65.176 -55.2511
272.460938 66.029 -51.3314
272.827148 66.849 -49.8361
273.193359 67.567 -49.8049
273.559570 68.187 -50.6824
273.925781 68.720 -52.2333
274.291992 69.160 -54.3190
274.658203 69.497 -56.7589
275.024414 69.727 -59.3206
275.390625 69.864 -61.7817
275.756836 69.929 -63.9904
276.123047 69.949 -65.8813
276.489258 69.947 -67.4558
276.855469 69.942 -68.7546
277.221680 69.946 -69.8541
277.587891 69.968 -70.8668
277.954102 70.003 -71.9076
278.320312 70.035 -73.0243
278.686523 70.048 -74.1517
279.052734 70.046 -75.1554
279.418945 70.050 -75.9578
279.785156 70.087 -76.6500
280.151367 70.161 -77.4611
280.517578 70.243 -78.5569
280.883789 70.289 -79.8448
281.250000 70.287 -80.9778
281.616211 70.282 -81.6055
281.982422 70.366 -81.7611
282.348633 70.608 -82.0690
282.714844 70.978 -83.4083
283.081055 71.352 -86.2728
283.447266 71.594 -90.5010
283.813477 71.616 -95.4724
284.179688 71.398 -100.4130
284.545898 70.987 -104.6510
284.912109 70.478 -107.8601
285.278320 69.967 -110.2384
285.644531 69.485 -112.3834
286.010742 68.968 -114.7878
286.376953 68.301 -117.3610
286.743164 67.396 -119.3245
287.109375 66.260 -119.3911
287.475586 65.068 -116.2224
287.841797 64.179 -109.5454
288.208008 63.911 -101.3181
288.574219 64.210 -94.3433
288.940430 64.787 -89.6780
289.306641 65.456 -86.8600
289.672852 66.177 -85.3392
290.039062 66.957 -85.0138
290.405273 67.775 -86.0253
290.771484 68.580 -88.4321
291.137695 69.315 -92.0970
291.503906 69.940 -96.7534
291.870117 70.432 -102.0962
292.236328 70.783 -107.8281
292.602539 70.994 -113.6687
292.968750 71.077 -119.3556
293.334961 71.054 -124.6571
293.701172 70.961 -129.4059
294.067383 70.843 -133.5525
294.433594 70.748 -137.2158
294.799805 70.708 -140.6907
295.166016 70.726 -144.3704
295.532227 70.769 -148.6034
295.898438 70.782 -153.5637
296.264648 70.705 -159.2028
296.630859 70.497 -165.2814
296.997070 70.143 -171.4492
297.363281 69.663 -177.3513
297.729492 69.116 177.2297
298.095703 68.579 172.2169
298.461914 68.113 167.1746
298.828125 67.727 161.4651
299.194336 67.376 154.5540
299.560547 66.987 146.2036
299.926758 66.503 136.4330
300.292969 65.891 125.3573
300.659180 65.148 113.0433
301.025391 64.284 99.4305
301.391602 63.322 84.3160
301.757812 62.294 67.3917
302.124023 61.261 48.3329
302.490234 60.330 26.9819
302.856445 59.655 3.6584
303.222656 59.369 -20.6029
303.588867 59.488 -44.3529
303.955078 59.890 -66.5043
304.321289 60.396 -86.7388
304.687500 60.850 -105.2661
305.053711 61.141 -122.4336
305.419922 61.198 -138.5027
305.786133 60.988 -153.6067
306.152344 60.510 -167.8074
306.518555 59.798 178.7754
306.884766 58.912 165.7832
307.250977 57.926 152.4492
307.617188 56.903 137.5728
307.983398 55.911 119.7544
308.349609 55.100 97.9680
308.715820 54.739 72.6079
309.082031 55.042 46.2791
309.448242 55.894 22.2434
309.814453 56.990 1.9956
310.180664 58.110 -14.7371
310.546875 59.179 -28.8911
310.913086 60.186 -41.4546
311.279297 61.128 -53.2378
311.645508 61.992 -64.7854
312.011719 62.759 -76.3862
312.377930 63.419 -88.1575
312.744141 63.966 -100.1370
313.110352 64.393 -112.3413
313.476562 64.692 -124.7751
313.842773 64.847 -137.4133
314.208984 64.839 -150.1833
314.575195 64.658 -162.9695
314.941406 64.300 -175.6426
315.307617 63.783 171.8784
315.673828 63.142 159.5452
316.040039 62.421 147.0955
316.406250 61.668 134.0239
316.772461 60.923 119.6521
317.138672 60.231 103.3145
317.504883 59.670 84.6255
317.871094 59.362 63.8071
318.237305 59.426 41.8872
318.603516 59.882 20.3574
318.969727 60.633 0.3630
319.335938 61.534 -17.7524
319.702148 62.458 -34.2419
320.068359 63.311 -49.5422
320.434570 64.027 -63.9995
320.800781 64.560 -77.7627
321.166992 64.884 -90.7778
321.533203 64.993 -102.8264
321.899414 64.908 -113.5850
322.265625 64.681 -122.7148
322.631836 64.397 -130.0015
322.998047 64.161 -135.5273
323.364258 64.057 -139.7439
323.730469 64.112 -143.2915
324.096680 64.299 -146.6724
324.462891 64.574 -150.0930
324.829102 64.915 -153.5950
325.195312 65.318 -157.2629
325.561523 65.775 -161.3005
325.927734 66.255 -165.9216
326.293945 66.708 -171.1934
326.660156 67.089 -176.9812
327.026367 67.375 176.9839
327.392578 67.572 170.9795
327.758789 67.709 165.1729
328.125000 67.817 159.5640
328.491211 67.912 154.0254
328.857422 67.984 148.4307
329.223633 68.011 142.7791
329.589844 67.971 137.2290
329.956055 67.866 132.0232
330.322266 67.723 127.3525
330.688477 67.582 123.2332
331.054688 67.468 119.4919
331.420898 67.377 115.8997
331.787109 67.276 112.3594
332.153320 67.135 108.9958
332.519531 66.947 106.0796
332.885742 66.743 103.8567
333.251953 66.575 102.3843
333.618164 66.496 101.4797
333.984375 66.532 100.8162
334.350586 66.686 100.0586
334.716797 66.949 98.8982
335.083008 67.299 97.0188
335.449219 67.692 94.1248
335.815430 68.057 90.0581
336.181641 68.319 84.8867
336.547852 68.410 78.8921
336.914062 68.287 72.4885
337.280273 67.925 66.1526
337.646484 67.315 60.3936
338.012695 66.464 55.7869
338.378906 65.395 53.0679
338.745117 64.194 53.2156
339.111328 63.086 57.1887
339.477539 62.470 64.6833
339.843750 62.637 72.8250
340.209961 63.392 78.2693
340.576172 64.304 80.2278
340.942383 65.109 79.7620
341.308594 65.748 78.1011
341.674805 66.265 75.9536
342.041016 66.718 73.4336
342.407227 67.118 70.3071
342.773438 67.416 66.3899
343.139648 67.532 61.8301
343.505859 67.401 57.1516
343.872070 67.001 53.1594
344.238281 66.380 50.7888
344.604492 65.678 50.8142
344.970703 65.116 53.3035
345.336914 64.873 57.2246
345.703125 64.950 61.1121
346.069336 65.214 64.3003
346.435547 65.574 67.0767
346.801758 66.062 69.8191
347.167969 66.769 72.2097
347.534180 67.702 73.2808
347.900391 68.744 72.2205
348.266602 69.725 68.9404
348.632812 70.514 63.9431
348.999023 71.044 57.9702
349.365234 71.300 51.7896
349.731445 71.312 46.1018
350.097656 71.154 41.4614
350.463867 70.928 38.1467
350.830078 70.751 36.0161
351.196289 70.697 34.5259
351.562500 70.774 33.0205
351.928711 70.933 31.0759
352.294922 71.122 28.5828
352.661133 71.305 25.5994
353.027344 71.465 22.1956
353.393555 71.588 18.4094
353.759766 71.655 14.2922
354.125977 71.649 9.9517
354.492188 71.564 5.5361
354.858398 71.401 1.1731
355.224609 71.166 -3.0845
355.590820 70.855 -7.2439
355.957031 70.445 -11.2737
356.323242 69.901 -14.9792
356.689453 69.201 -17.9268
357.055664 68.365 -19.4839
357.421875 67.486 -19.0408
357.788086 66.728 -16.4517
358.154297 66.251 -12.4248
358.520508 66.091 -8.1963
358.886719 66.158 -4.6113
359.252930 66.354 -1.7979
359.619141 66.644 0.3657
359.985352 67.025 1.8040
360.351562 67.471 2.2681
360.717773 67.923 1.6238
361.083984 68.321 -0.0002
361.450195 68.629 -2.3120
361.816406 68.845 -5.0396
362.182617 68.976 -8.0356
362.548828 69.022 -11.2534
362.915039 68.967 -14.6277
363.281250 68.784 -17.9563
363.647461 68.459 -20.8606
364.013672 68.011 -22.8430
364.379883 67.502 -23.4365
364.746094 67.039 -22.4207
365.112305 66.738 -20.0078
365.478516 66.681 -16.8103
365.844727 66.885 -13.5669
366.210938 67.321 -10.8926
366.577148 67.935 -9.2336
366.943359 68.662 -8.8850
367.309570 69.426 -9.9609
367.675781 70.158 -12.3845
368.041992 70.807 -15.9507
368.408203 71.343 -20.4207
368.774414 71.751 -25.5854
369.140625 72.022 -31.2776
369.506836 72.142 -37.3428
369.873047 72.100 -43.5916
370.239258 71.888 -49.7664
370.605469 71.510 -55.5354
370.971680 70.994 -60.5320
371.337891 70.397 -64.4509
371.704102 69.801 -67.1902
372.070312 69.287 -68.9602
372.436523 68.902 -70.2188
372.802734 68.641 -71.4224
373.168945 68.473 -72.8203
373.535156 68.374 -74.4888
373.901367 68.334 -76.5090
374.267578 68.336 -79.0513
374.633789 68.337 -82.2747
375.000000 68.277 -86.1492
375.366211 68.100 -90.3818
375.732422 67.793 -94.5017
376.098633 67.390 -98.0657
376.464844 66.970 -100.9280
376.831055 66.612 -103.4307
377.197266 66.325 -106.2607
377.563477 66.035 -109.9836
377.929688 65.627 -114.6831
378.295898 65.005 -119.9771
378.662109 64.119 -125.2383
379.028320 62.967 -129.8005
379.394531 61.581 -133.0815
379.760742 60.000 -134.5613
380.126953 58.269 -133.5276
380.493164 56.517 -128.7463
380.859375 55.151 -119.1787
381.225586 54.780 -107.1494
381.591797 55.382 -98.3242
381.958008 56.266 -94.8936
382.324219 56.960 -95.0010
382.690430 57.402 -96.2839
383.056641 57.754 -97.4497
383.422852 58.212 -98.7261
383.789062 58.812 -101.3540
384.155273 59.393 -106.2224
384.521484 59.739 -113.1392
384.887695 59.693 -121.1277
385.253906 59.185 -128.8257
385.620117 58.242 -134.6008
385.986328 57.056 -136.7214
386.352539 56.072 -134.4941
386.718750 55.760 -130.4019
387.084961 56.034 -128.7678
387.451172 56.371 -131.2488
387.817383 56.368 -136.8276
388.183594 55.827 -143.8789
388.549805 54.634 -150.7686
388.916016 52.666 -155.2939
389.282227 49.876 -152.9155
389.648438 47.252 -134.8867
390.014648 47.950 -108.4387
390.380859 50.677 -98.4346
390.747070 52.882 -100.4839
391.113281 54.273 -107.1091
391.479492 55.013 -114.8523
391.845703 55.304 -121.8738
392.211914 55.385 -127.1487
392.578125 55.520 -130.6138
392.944336 55.896 -133.3481
393.310547 56.503 -136.8257
393.676758 57.182 -141.7568
394.042969 57.783 -147.8821
394.409180 58.240 -154.5249
394.775391 58.567 -161.0994
395.141602 58.815 -167.3525
395.507812 59.025 -173.3689
395.874023 59.194 -179.3528
396.240234 59.285 174.6738
396.606445 59.257 169.0447
396.972656 59.123 164.3909
397.338867 58.982 161.3364
397.705078 59.015 159.9385
398.071289 59.388 159.2205
398.437500 60.101 157.6208
398.803711 60.995 154.1489
399.169922 61.887 148.8008
399.536133 62.670 142.1047
399.902344 63.306 134.6348
400.268555 63.797 126.7930
400.634766 64.159 118.7761
401.000977 64.400 110.6223
401.367188 64.516 102.2876
401.733398 64.486 93.7168
402.099609 64.279 84.8840
402.465820 63.852 75.8076
402.832031 63.158 66.5481
403.198242 62.136 57.2002
403.564453 60.710 47.8616
403.930664 58.776 38.5188
404.296875 56.153 28.6536
404.663086 52.443 15.7175
405.029297 46.847 -13.7131
405.395508 46.199 -93.0925
405.761719 53.111 -131.0239
406.127930 58.064 -147.2078
406.494141 61.706 -159.7856
406.860352 64.519 -171.8447
407.226562 66.718 176.0864
407.592773 68.429 164.0850
407.958984 69.745 152.3716
408.325195 70.741 141.1624
408.691406 71.488 130.6101
409.057617 72.048 120.7778
409.423828 72.471 111.6423
409.790039 72.796 103.1218
410.156250 73.049 95.1147
410.522461 73.246 87.5232
410.888672 73.402 80.2451
411.254883 73.526 73.1514
411.621094 73.616 66.0808
411.987305 73.658 58.8770
412.353516 73.621 51.4492
412.719727 73.468 43.8259
413.085938 73.165 36.1699
413.452148 72.684 28.7632
413.818359 72.020 21.9783
414.184570 71.189 16.2410
414.550781 70.237 11.9695
414.916992 69.249 9.4548
415.283203 68.331 8.6787
415.649414 67.580 9.1838
416.015625 67.026 10.2332
416.381836 66.622 11.2468
416.748047 66.293 12.1094
417.114258 66.007 13.0598
417.480469 65.787 14.3147
417.846680 65.683 15.7319
418.212891 65.710 16.8196
418.579102 65.808 17.1277
418.945312 65.885 16.6177
419.311523 65.873 15.6575
419.677734 65.764 14.7444
420.043945 65.590 14.2129
420.410156 65.394 14.1104
420.776367 65.184 14.3545
421.142578 64.945 15.0635
421.508789 64.687 16.7046
421.875000 64.523 19.7468
422.241211 64.643 23.8564
422.607422 65.152 27.5254
422.973633 65.931 29.1560
423.339844 66.744 28.3252
423.706055 67.415 25.6523
424.072266 67.883 22.0625
424.438477 68.171 18.3101
424.804688 68.344 14.7839
425.170898 68.463 11.4897
425.537109 68.555 8.2119
425.903320 68.599 4.7852
426.269531 68.561 1.2830
426.635742 68.424 -1.9978
427.001953 68.215 -4.7178
427.368164 67.995 -6.7300
427.734375 67.828 -8.2385
428.100586 67.735 -9.7151
428.466797 67.678 -11.5835
428.833008 67.585 -13.9460
429.199219 67.393 -16.5493
429.565430 67.079 -18.9272
429.931641 66.665 -20.5701
430.297852 66.224 -21.0886
430.664062 65.864 -20.4016
431.030273 65.701 -18.9260
431.396484 65.797 -17.5750
431.762695 66.111 -17.3816
432.128906 66.517 -18.9934
432.495117 66.872 -22.4824
432.861328 67.057 -27.4905
433.227539 66.996 -33.4409
433.593750 66.652 -39.6685
433.959961 66.022 -45.4741
434.326172 65.140 -50.1638
434.692383 64.083 -53.1331
435.058594 62.974 -54.0500
435.424805 61.949 -53.0779
435.791016 61.104 -50.8955
436.157227 60.442 -48.3528
436.523438 59.892 -46.0464
436.889648 59.346 -44.1665
437.255859 58.680 -42.4583
437.622070 57.770 -40.0046
437.988281 56.573 -34.7866
438.354492 55.388 -23.6636
438.720703 55.214 -6.2417
439.086914 56.659 9.1255
439.453125 58.746 16.2002
439.819336 60.596 16.9685
440.185547 61.984 14.6157
440.551758 62.948 11.2141
440.917969 63.598 7.9592
441.284180 64.071 5.4224
441.650391 64.497 3.6287
442.016602 64.961 2.1738
442.382812 65.479 0.5112
442.749023 66.015 -1.7288
443.115234 66.512 -4.6143
443.481445 66.930 -7.9905
443.847656 67.254 -11.6184
444.213867 67.486 -15.2769
444.580078 67.644 -18.8081
444.946289 67.747 -22.1235
445.312500 67.815 -25.1836
445.678711 67.870 -27.9773
446.044922 67.937 -30.5305
446.411133 68.041 -32.9487
446.777344 68.204 -35.4612
447.143555 68.423 -38.3896
447.509766 68.664 -42.0220
447.875977 68.869 -46.4626
448.242188 68.979 -51.5703
448.608398 68.960 -57.0066
448.974609 68.811 -62.3616
449.340820 68.570 -67.3137
449.707031 68.296 -71.7908
450.073242 68.038 -76.0312
450.439453 67.792 -80.4268
450.805664 67.509 -85.2148
451.171875 67.119 -90.2656
451.538086 66.586 -95.1125
451.904297 65.934 -99.1819
452.270508 65.251 -102.1472
452.636719 64.641 -104.2532
453.002930 64.134 -106.2261
453.369141 63.648 -108.6299
453.735352 63.058 -111.2849
454.101562 62.300 -113.2871
454.467773 61.453 -113.5332
454.833984 60.735 -111.6201
455.200195 60.351 -108.5884
455.566406 60.279 -106.1003
455.932617 60.333 -104.6985
456.298828 60.419 -103.7405
456.665039 60.619 -102.7798
457.031250 61.033 -102.5593
457.397461 61.581 -104.3855
457.763672 62.018 -108.6941
458.129883 62.113 -114.6606
458.496094 61.735 -120.6067
458.862305 60.914 -124.2310
459.228516 59.984 -123.0442
459.594727 59.697 -117.0850
459.960938 60.512 -111.9629
460.327148 61.869 -112.5786
460.693359 63.095 -118.4363
461.059570 63.938 -127.3572
461.425781 64.375 -137.6699
461.791992 64.460 -148.3362
462.158203 64.259 -158.7349
462.524414 63.835 -168.4839
462.890625 63.240 -177.2979
463.256836 62.522 175.1240
463.623047 61.752 169.1135
463.989258 61.043 164.8513
464.355469 60.533 162.0076
464.721680 60.307 159.5979
465.087891 60.316 156.5120
465.454102 60.425 152.2424
465.820312 60.512 146.9846
466.186523 60.529 141.2161
466.552734 60.493 135.2747
466.918945 60.433 129.1660
467.285156 60.356 122.6382
467.651367 60.222 115.4316
468.017578 59.958 107.4902
468.383789 59.492 98.9929
468.750000 58.751 90.2710
469.116211 57.656 81.7505
469.482422 56.084 74.0610
469.848633 53.803 68.5984
470.214844 50.419 69.7859
470.581055 46.386 93.5359
470.947266 48.090 136.2517
471.313477 52.619 147.3394
471.679688 55.841 143.4841
472.045898 57.970 135.0955
472.412109 59.327 125.3081
472.778320 60.104 115.4526
473.144531 60.432 106.2922
473.510742 60.424 98.3340
473.876953 60.184 91.8835
474.243164 59.818 87.0171
474.609375 59.417 83.5581
474.975586 59.041 81.1233
475.341797 58.706 79.2576
475.708008 58.383 77.6050
476.074219 58.007 76.0754
476.440430 57.502 75.0076
476.806641 56.827 75.3291
477.172852 56.072 78.5537
477.539062 55.608 85.8416
477.905273 55.986 95.3198
478.271484 57.245 102.0383
478.637695 58.807 103.4941
479.003906 60.187 100.7329
479.370117 61.205 95.6450
479.736328 61.846 89.7852
480.102539 62.183 84.2593
480.468750 62.335 79.7053
480.834961 62.442 76.1743
481.201172 62.598 73.1326
481.567383 62.800 69.8540
481.933594 62.968 65.9773
482.299805 63.018 61.7156
482.666016 62.927 57.6323
483.032227 62.753 54.2273
483.398438 62.608 51.5063
483.764648 62.572 48.8042
484.130859 62.623 45.1699
484.497070 62.638 40.0205
484.863281 62.478 33.3730
485.229492 62.042 25.6016
485.595703 61.267 17.0957
485.961914 60.104 8.0215
486.328125 58.463 -1.8682
486.694336 56.131 -13.5215
487.060547 52.617 -29.8359
487.426758 47.062 -64.1182
487.792969 46.161 -146.0225
488.159180 52.133 173.2520
488.525391 56.062 156.0342
488.891602 58.688 145.0483
489.257812 60.645 136.8374
489.624023 62.258 129.9849
489.990234 63.672 123.4834
490.356445 64.913 116.6855
490.722656 65.949 109.4155
491.088867 66.753 101.8813
491.455078 67.330 94.4653
491.821289 67.721 87.5093
492.187500 67.989 81.1538
492.553711 68.192 75.2793
492.919922 68.351 69.6006
493.286133 68.449 63.8921
493.652344 68.448 58.1655
494.018555 68.320 52.6860
494.384766 68.079 47.8345
494.750977 67.776 43.8984
495.117188 67.486 40.8887
495.483398 67.263 38.5112
495.849609 67.120 36.3691
496.215820 67.036 34.2178
496.582031 66.997 31.9990
496.948242 67.010 29.6440
497.314453 67.086 26.8838
497.680664 67.200 23.3047
498.046875 67.280 18.6084
498.413086 67.234 12.8076
498.779297 66.981 6.2178
499.145508 66.475 -0.6665
499.511719 65.703 -7.3032
499.877930 64.679 -13.2100
