* Measurement data measured by REW V5.31.3
* Source: EXCL: Microphone (Umik-1  Gain: 18dB  ), MICROPHONE (Master Volume), R, volume: 0.520
* Format: 256k Log Swept Sine, 1 sweep at -12.0 dBFS with no timing reference
* Dated: Oct 3, 2026 3:30:28 PM
* REW Settings:
*  C-weighting compensation: Off
*  Target level: 75.0 dB
* Note: ; 
* Measurement: R right bass only, phase 0 Oct 3
* Smoothing: None
* Frequency Step: 0.36621094 Hz
* Start Frequency: 15.014648 Hz
*
* Freq(Hz) SPL(dB) Phase(degrees)
15.014648 72.276 -168.7723
15.380859 71.996 -170.5070
15.747070 71.900 -171.6799
16.113281 71.873 -173.5589
16.479492 71.705 -176.1077
16.845703 71.272 -178.1713
17.211914 70.605 -178.1342
17.578125 69.931 -174.5666
17.944336 69.669 -167.3561
18.310547 70.192 -158.9686
18.676758 71.439 -153.1275
19.042969 72.995 -151.7035
19.409180 74.481 -154.3719
19.775391 75.682 -159.9662
20.141602 76.504 -167.2435
20.507812 76.930 -175.0682
20.874023 76.995 177.5677
21.240234 76.795 171.4724
21.606445 76.475 167.0305
21.972656 76.188 163.9246
22.338867 75.999 161.2328
22.705078 75.840 158.1185
23.071289 75.580 154.4509
23.437500 75.125 150.7845
23.803711 74.466 147.9540
24.169922 73.691 146.6116
24.536133 72.932 146.8062
24.902344 72.279 147.8935
25.268555 71.695 149.1139
25.634766 71.068 150.3699
26.000977 70.332 152.3978
26.367188 69.572 156.2114
26.733398 69.039 161.9203
27.099609 68.927 167.7038
27.465820 69.068 171.1200
27.832031 69.022 171.6317
28.198242 68.377 171.0771
28.564453 66.893 173.7054
28.930664 65.055 -172.5270
29.296875 65.452 -147.3851
29.663086 68.304 -134.0120
30.029297 70.851 -134.5079
30.395508 72.365 -140.8118
30.761719 72.873 -148.2682
31.127930 72.500 -153.5634
31.494141 71.560 -153.1276
31.860352 70.938 -144.6978
32.226562 71.635 -133.7824
32.592773 73.137 -128.4589
32.958984 74.459 -128.2496
33.325195 75.337 -129.3777
33.691406 75.987 -129.2644
34.057617 76.798 -127.7829
34.423828 77.953 -127.1407
34.790039 79.244 -129.3287
35.156250 80.352 -134.3537
35.522461 81.091 -141.0241
35.888672 81.419 -147.9587
36.254883 81.399 -153.9688
36.621094 81.169 -158.2556
36.987305 80.915 -160.7059
37.353516 80.784 -162.0436
37.719727 80.790 -163.3421
38.085938 80.837 -165.1939
38.452148 80.829 -167.4633
38.818359 80.739 -169.6830
39.184570 80.607 -171.5336
39.550781 80.489 -173.0708
39.916992 80.403 -174.6047
40.283203 80.323 -176.3824
40.649414 80.208 -178.4002
41.015625 80.035 179.5161
41.381836 79.807 177.5240
41.748047 79.527 175.6796
42.114258 79.183 174.0330
42.480469 78.757 172.7971
42.846680 78.257 172.3931
43.212891 77.749 173.2403
43.579102 77.357 175.3310
43.945312 77.176 177.9681
44.311523 77.187 -179.8161
44.677734 77.275 -178.4848
45.043945 77.337 -177.7916
45.410156 77.351 -177.2069
45.776367 77.357 -176.4165
46.142578 77.406 -175.5177
46.508789 77.505 -174.8059
46.875000 77.617 -174.4038
47.241211 77.718 -174.1488
47.607422 77.828 -173.8289
47.973633 77.990 -173.4869
48.339844 78.224 -173.4529
48.706055 78.499 -174.0399
49.072266 78.757 -175.2426
49.438477 78.976 -176.7752
49.804688 79.185 -178.3948
50.170898 79.437 179.7758
50.537109 79.750 177.2358
50.903320 80.061 173.4801
51.269531 80.263 168.3942
51.635742 80.258 162.3260
52.001953 79.994 155.9074
52.368164 79.480 149.8198
52.734375 78.783 144.5411
53.100586 78.004 140.0720
53.466797 77.203 135.8233
53.833008 76.339 130.9436
54.199219 75.263 124.9064
54.565430 73.781 117.7994
54.931641 71.697 110.1961
55.297852 68.802 102.8551
55.664062 64.780 96.1458
56.030273 58.718 87.4633
56.396484 47.371 31.8327
56.762695 56.788 -56.7822
57.128906 63.229 -67.7227
57.495117 67.150 -74.3030
57.861328 69.845 -80.6154
58.227539 71.766 -86.6008
58.593750 73.191 -91.8749
58.959961 74.333 -96.4089
59.326172 75.325 -100.5922
59.692383 76.202 -104.9052
60.058594 76.934 -109.5149
60.424805 77.485 -114.1614
60.791016 77.865 -118.3555
61.157227 78.137 -121.7012
61.523438 78.390 -124.1650
61.889648 78.684 -126.1010
62.255859 79.015 -127.9406
62.622070 79.341 -129.8280
62.988281 79.634 -131.5804
63.354492 79.917 -132.9738
63.720703 80.242 -134.0656
64.086914 80.637 -135.2459
64.453125 81.070 -136.9358
64.819336 81.474 -139.2493
65.185547 81.798 -141.9556
65.551758 82.040 -144.7095
65.917969 82.239 -147.3277
66.284180 82.437 -149.9286
66.650391 82.644 -152.8335
67.016602 82.826 -156.3047
67.382812 82.930 -160.3544
67.749023 82.916 -164.7554
68.115234 82.774 -169.1832
68.481445 82.524 -173.3629
68.847656 82.195 -177.1479
69.213867 81.815 179.4953
69.580078 81.400 176.5712
69.946289 80.964 174.1224
70.312500 80.529 172.2022
70.678711 80.127 170.7701
71.044922 79.782 169.6279
71.411133 79.485 168.5179
71.777344 79.197 167.3282
72.143555 78.882 166.2050
72.509766 78.536 165.4533
72.875977 78.198 165.2858
73.242188 77.923 165.6006
73.608398 77.731 166.0095
73.974609 77.587 166.1552
74.340820 77.423 166.0191
74.707031 77.201 165.9264
75.073242 76.936 166.2896
75.439453 76.690 167.2915
75.805664 76.527 168.7217
76.171875 76.464 170.1321
76.538086 76.464 171.1975
76.904297 76.482 171.9103
77.270508 76.501 172.4520
77.636719 76.542 172.9284
78.002930 76.629 173.2167
78.369141 76.758 173.0482
78.735352 76.887 172.2395
79.101562 76.961 170.8566
79.467773 76.945 169.2014
79.833984 76.838 167.6788
80.200195 76.678 166.6237
80.566406 76.533 166.1321
80.932617 76.465 165.9643
81.298828 76.496 165.6266
81.665039 76.589 164.6359
82.031250 76.667 162.7764
82.397461 76.648 160.1720
82.763672 76.475 157.2046
83.129883 76.128 154.3852
83.496094 75.627 152.2245
83.862305 75.030 151.0877
84.228516 74.409 151.0551
84.594727 73.822 151.9095
84.960938 73.272 153.3733
85.327148 72.738 155.4481
85.693359 72.228 158.4860
86.059570 71.840 162.7733
86.425781 71.722 167.8452
86.791992 71.922 172.3911
87.158203 72.312 175.2664
87.524414 72.695 176.3649
87.890625 72.945 176.3970
88.256836 73.049 176.2452
88.623047 73.076 176.4752
88.989258 73.117 177.0991
89.355469 73.214 177.6991
89.721680 73.335 177.8877
90.087891 73.412 177.6884
90.454102 73.413 177.5095
90.820312 73.372 177.8148
91.186523 73.375 178.7343
91.552734 73.502 179.8699
91.918945 73.759 -179.4773
92.285156 74.078 -179.8187
92.651367 74.363 178.7789
93.017578 74.548 176.5828
93.383789 74.603 173.9692
93.750000 74.528 171.2733
94.116211 74.342 168.7273
94.482422 74.072 166.4436
94.848633 73.739 164.4123
95.214844 73.352 162.5275
95.581055 72.894 160.6755
95.947266 72.320 158.8872
96.313477 71.581 157.4934
96.679688 70.657 157.1977
97.045898 69.620 158.9360
97.412109 68.678 163.2687
97.778320 68.094 169.3453
98.144531 67.920 174.9852
98.510742 67.911 178.7708
98.876953 67.788 -178.7604
99.243164 67.468 -175.9525
99.609375 67.115 -171.3552
99.975586 67.043 -165.1237
100.341797 67.405 -159.3829
100.708008 67.997 -156.0534
101.074219 68.512 -155.1162
101.440430 68.792 -155.3577
101.806641 68.847 -155.5231
102.172852 68.788 -154.9240
102.539062 68.733 -153.6388
102.905273 68.723 -152.2114
103.271484 68.704 -150.9762
103.637695 68.614 -149.6813
104.003906 68.460 -147.7346
104.370117 68.339 -144.7875
104.736328 68.362 -141.1823
105.102539 68.554 -137.7405
105.468750 68.834 -134.9984
105.834961 69.110 -132.8162
106.201172 69.361 -130.7046
106.567383 69.644 -128.3800
106.933594 70.022 -126.0609
107.299805 70.501 -124.2692
107.666016 71.019 -123.3456
108.032227 71.499 -123.1983
108.398438 71.906 -123.4406
108.764648 72.255 -123.6797
109.130859 72.595 -123.7499
109.497070 72.975 -123.7896
109.863281 73.410 -124.1257
110.229492 73.873 -125.0441
110.595703 74.319 -126.6276
110.961914 74.707 -128.7584
111.328125 75.022 -131.2278
111.694336 75.267 -133.8585
112.060547 75.459 -136.5808
112.426758 75.605 -139.4318
112.792969 75.702 -142.4851
113.159180 75.728 -145.7569
113.525391 75.664 -149.1528
113.891602 75.498 -152.4893
114.257812 75.238 -155.5720
114.624023 74.906 -158.2839
114.990234 74.523 -160.6200
115.356445 74.095 -162.6243
115.722656 73.617 -164.2623
116.088867 73.090 -165.3478
116.455078 72.555 -165.6487
116.821289 72.090 -165.1797
117.187500 71.766 -164.4562
117.553711 71.567 -164.2997
117.919922 71.377 -165.2141
118.286133 71.054 -166.9627
118.652344 70.512 -168.6422
119.018555 69.783 -169.0324
119.384766 69.054 -167.2178
119.750977 68.608 -163.5942
120.117188 68.580 -160.1652
120.483398 68.792 -158.7911
120.849609 68.953 -159.6339
121.215820 68.882 -161.6307
121.582031 68.552 -163.4586
121.948242 68.056 -164.1075
122.314453 67.551 -163.2578
122.680664 67.162 -161.3865
123.046875 66.902 -159.2537
123.413086 66.705 -157.1573
123.779297 66.535 -154.8433
124.145508 66.439 -152.0935
124.511719 66.482 -149.2584
124.877930 66.644 -147.0542
125.244141 66.809 -145.7993
125.610352 66.862 -145.0212
125.976562 66.788 -143.7471
126.342773 66.710 -141.1740
126.708984 66.834 -137.4692
127.075195 67.280 -133.9886
127.441406 67.953 -132.1865
127.807617 68.651 -132.4715
128.173828 69.225 -134.3293
128.540039 69.625 -136.9825
128.906250 69.872 -139.8064
129.272461 70.015 -142.4656
129.638672 70.108 -144.8872
130.004883 70.181 -147.1426
130.371094 70.252 -149.3222
130.737305 70.328 -151.4895
131.103516 70.417 -153.7167
131.469727 70.523 -156.1219
131.835938 70.636 -158.8365
132.202148 70.729 -161.9214
132.568359 70.777 -165.3152
132.934570 70.767 -168.8674
133.300781 70.706 -172.4371
133.666992 70.611 -175.9882
134.033203 70.495 -179.6160
134.399414 70.351 176.5269
134.765625 70.152 172.3539
135.131836 69.864 167.9276
135.498047 69.467 163.4491
135.864258 68.961 159.1733
136.230469 68.377 155.2913
136.596680 67.754 151.8242
136.962891 67.128 148.5838
137.329102 66.506 145.2428
137.695312 65.860 141.4830
138.061523 65.132 137.1212
138.427734 64.256 132.1437
138.793945 63.160 126.6729
139.160156 61.766 120.9248
139.526367 59.973 115.2036
139.892578 57.626 109.9763
140.258789 54.432 106.2141
140.625000 49.708 107.1373
140.991211 42.077 133.1436
141.357422 43.520 -149.9658
141.723633 49.028 -136.5930
142.089844 51.718 -139.2358
142.456055 52.742 -145.9233
142.822266 52.364 -154.2449
143.188477 50.252 -163.0541
143.554688 44.648 -170.3289
143.920898 31.507 -29.7804
144.287109 48.431 -17.4998
144.653320 53.860 -23.5172
145.019531 56.980 -28.7135
145.385742 59.126 -32.0673
145.751953 60.878 -33.8132
146.118164 62.523 -35.0490
146.484375 64.112 -36.9878
146.850586 65.556 -40.1277
147.216797 66.763 -44.1522
147.583008 67.709 -48.3356
147.949219 68.451 -51.9616
148.315430 69.106 -54.6696
148.681641 69.804 -56.7101
149.047852 70.606 -58.8577
149.414062 71.468 -61.8768
149.780273 72.281 -66.0229
150.146484 72.952 -71.0107
150.512695 73.439 -76.2797
150.878906 73.759 -81.2682
151.245117 73.969 -85.6198
151.611328 74.143 -89.3158
151.977539 74.327 -92.6550
152.343750 74.515 -96.0272
152.709961 74.661 -99.6265
153.076172 74.712 -103.3325
153.442383 74.647 -106.8121
153.808594 74.488 -109.7345
154.174805 74.287 -111.9790
154.541016 74.089 -113.7148
154.907227 73.900 -115.2507
155.273438 73.685 -116.7451
155.639648 73.410 -118.0423
156.005859 73.081 -118.7923
156.372070 72.762 -118.7834
156.738281 72.529 -118.2520
157.104492 72.405 -117.8132
157.470703 72.324 -117.9486
157.836914 72.188 -118.5681
158.203125 71.953 -119.0739
158.569336 71.666 -118.8018
158.935547 71.451 -117.5823
159.301758 71.414 -116.0367
159.667969 71.535 -115.1331
160.034180 71.690 -115.3549
160.400391 71.753 -116.4407
160.766602 71.665 -117.7408
161.132812 71.433 -118.6292
161.499023 71.100 -118.6891
161.865234 70.715 -117.6571
162.231445 70.346 -115.2949
162.597656 70.106 -111.5516
162.963867 70.137 -107.1116
163.330078 70.463 -103.4781
163.696289 70.903 -101.8605
164.062500 71.207 -102.1839
164.428711 71.215 -103.3080
164.794922 70.933 -103.7391
165.161133 70.536 -102.4382
165.527344 70.277 -99.7939
165.893555 70.230 -97.6168
166.259766 70.162 -97.1828
166.625977 69.773 -97.7452
166.992188 68.952 -96.8629
167.358398 68.006 -91.6387
167.724609 67.716 -82.3580
168.090820 68.407 -75.1802
168.457031 69.344 -74.0962
168.823242 69.855 -77.3179
169.189453 69.757 -81.5608
169.555664 69.201 -83.9568
169.921875 68.631 -83.0997
170.288086 68.522 -80.9178
170.654297 68.787 -81.2746
171.020508 68.875 -85.2623
171.386719 68.337 -90.7515
171.752930 67.005 -93.8031
172.119141 65.246 -88.7593
172.485352 64.640 -74.0051
172.851562 65.977 -62.9705
173.217773 67.524 -62.0900
173.583984 68.289 -65.9639
173.950195 68.212 -69.2397
174.316406 67.682 -67.9294
174.682617 67.539 -61.2349
175.048828 68.321 -54.6480
175.415039 69.440 -53.0967
175.781250 70.175 -55.4513
176.147461 70.297 -58.4810
176.513672 69.938 -59.2697
176.879883 69.520 -56.2593
177.246094 69.536 -50.9890
177.612305 69.999 -47.1204
177.978516 70.479 -46.0810
178.344727 70.662 -46.5172
178.710938 70.534 -46.4805
179.077148 70.288 -44.8942
179.443359 70.144 -42.2405
179.809570 70.118 -39.8884
180.175781 70.029 -38.3443
180.541992 69.727 -36.6120
180.908203 69.275 -33.0471
181.274414 68.981 -26.9245
181.640625 69.143 -19.8229
182.006836 69.695 -14.2828
182.373047 70.322 -11.0067
182.739258 70.834 -8.9493
183.105469 71.250 -6.9327
183.471680 71.695 -4.6094
183.837891 72.253 -2.4917
184.204102 72.887 -1.2236
184.570312 73.505 -0.9183
184.936523 74.043 -1.1972
185.302734 74.508 -1.6072
185.668945 74.942 -1.9447
186.035156 75.387 -2.3128
186.401367 75.847 -2.9463
186.767578 76.301 -3.9938
187.133789 76.722 -5.4458
187.500000 77.097 -7.2121
187.866211 77.425 -9.2284
188.232422 77.706 -11.4941
188.598633 77.932 -14.0341
188.964844 78.088 -16.8339
189.331055 78.158 -19.8070
189.697266 78.133 -22.8101
190.063477 78.015 -25.6884
190.429688 77.814 -28.3169
190.795898 77.543 -30.6135
191.162109 77.211 -32.5187
191.528320 76.826 -33.9570
191.894531 76.401 -34.8181
192.260742 75.961 -34.9897
192.626953 75.542 -34.4407
192.993164 75.186 -33.2992
193.359375 74.910 -31.8326
193.725586 74.705 -30.3013
194.091797 74.542 -28.8036
194.458008 74.403 -27.2650
194.824219 74.295 -25.5897
195.190430 74.244 -23.8450
195.556641 74.258 -22.2990
195.922852 74.303 -21.2408
196.289062 74.315 -20.7306
196.655273 74.235 -20.5001
197.021484 74.042 -20.0465
197.387695 73.772 -18.8469
197.753906 73.513 -16.6270
198.120117 73.368 -13.5814
198.486328 73.392 -10.3230
198.852539 73.564 -7.4954
199.218750 73.818 -5.4109
199.584961 74.096 -4.0426
199.951172 74.374 -3.2463
200.317383 74.643 -2.9385
200.683594 74.898 -3.1172
201.049805 75.121 -3.7758
201.416016 75.291 -4.8206
201.782227 75.399 -6.0723
202.148438 75.452 -7.3435
202.514648 75.472 -8.5375
202.880859 75.482 -9.6938
203.247070 75.485 -10.9329
203.613281 75.462 -12.3262
203.979492 75.388 -13.7896
204.345703 75.251 -15.0829
204.711914 75.069 -15.9230
205.078125 74.893 -16.1556
205.444336 74.778 -15.8890
205.810547 74.756 -15.4612
206.176758 74.813 -15.2208
206.542969 74.913 -15.3076
206.909180 75.027 -15.6321
207.275391 75.162 -16.0453
207.641602 75.350 -16.5486
208.007812 75.619 -17.3901
208.374023 75.964 -18.9659
208.740234 76.339 -21.6021
209.106445 76.676 -25.3982
209.472656 76.914 -30.2192
209.838867 77.011 -35.7765
210.205078 76.950 -41.7179
210.571289 76.738 -47.6996
210.937500 76.401 -53.4512
211.303711 75.981 -58.8382
211.669922 75.518 -63.8992
212.036133 75.030 -68.8098
212.402344 74.509 -73.7565
212.768555 73.919 -78.7856
213.134766 73.222 -83.7231
213.500977 72.400 -88.2068
213.867188 71.472 -91.8058
214.233398 70.490 -94.1876
214.599609 69.527 -95.2612
214.965820 68.647 -95.1783
215.332031 67.884 -94.1639
215.698242 67.268 -92.3856
216.064453 66.846 -90.0983
216.430664 66.649 -87.8734
216.796875 66.641 -86.4340
217.163086 66.710 -86.1313
217.529297 66.749 -86.6817
217.895508 66.721 -87.4001
218.261719 66.685 -87.6692
218.627930 66.758 -87.3985
218.994141 67.029 -87.1838
219.360352 67.484 -87.8868
219.726562 68.017 -89.9849
220.092773 68.510 -93.3531
220.458984 68.889 -97.4791
220.825195 69.131 -101.7330
221.191406 69.266 -105.5546
221.557617 69.358 -108.6104
221.923828 69.483 -110.9390
222.290039 69.682 -112.9454
222.656250 69.924 -115.1003
223.022461 70.126 -117.5148
223.388672 70.211 -119.7542
223.754883 70.186 -121.0234
224.121094 70.173 -120.7081
224.487305 70.367 -119.1525
224.853516 70.855 -117.8459
225.219727 71.494 -118.2026
225.585938 72.044 -120.3557
225.952148 72.341 -123.3080
226.318359 72.376 -125.6454
226.684570 72.306 -126.2379
227.050781 72.399 -125.1250
227.416992 72.830 -123.9460
227.783203 73.488 -124.5958
228.149414 74.109 -127.5687
228.515625 74.498 -132.0759
228.881836 74.595 -136.9160
229.248047 74.455 -141.0315
229.614258 74.208 -143.8392
229.980469 74.000 -145.4532
230.346680 73.906 -146.5416
230.712891 73.899 -147.7253
231.079102 73.916 -149.1176
231.445312 73.931 -150.4681
231.811523 73.974 -151.6178
232.177734 74.080 -152.7557
232.543945 74.232 -154.2285
232.910156 74.369 -156.1345
233.276367 74.440 -158.1679
233.642578 74.456 -159.8510
234.008789 74.491 -160.9541
234.375000 74.625 -161.7917
234.741211 74.870 -163.0579
235.107422 75.149 -165.2700
235.473633 75.357 -168.4121
235.839844 75.428 -172.0485
236.206055 75.360 -175.6497
236.572266 75.199 -178.8774
236.938477 75.005 178.2671
237.304688 74.810 175.5038
237.670898 74.600 172.5177
238.037109 74.331 169.1877
238.403320 73.959 165.6281
238.769531 73.460 162.0804
239.135742 72.828 158.8041
239.501953 72.062 156.0613
239.868164 71.170 154.1974
240.234375 70.184 153.7076
240.600586 69.209 155.0810
240.966797 68.425 158.2484
241.333008 67.982 162.0403
241.699219 67.826 164.7920
242.065430 67.733 165.7786
242.431641 67.493 165.6226
242.797852 67.038 165.6487
243.164062 66.470 167.0910
243.530273 66.014 170.2430
243.896484 65.849 173.9418
244.262695 65.919 176.5308
244.628906 65.997 177.4601
244.995117 65.905 177.4586
245.361328 65.608 177.7130
245.727539 65.198 179.1332
246.093750 64.824 -178.1112
246.459961 64.584 -174.5625
246.826172 64.472 -170.8032
247.192383 64.451 -166.8842
247.558594 64.553 -162.6080
247.924805 64.866 -158.2601
248.291016 65.418 -154.7603
248.657227 66.108 -152.9070
249.023438 66.791 -152.7446
249.389648 67.377 -153.7430
249.755859 67.861 -155.3027
250.122070 68.286 -157.0997
250.488281 68.695 -159.1593
250.854492 69.097 -161.6813
251.220703 69.463 -164.7716
251.586914 69.755 -168.2958
251.953125 69.959 -171.9275
252.319336 70.097 -175.3124
252.685547 70.225 -178.2556
253.051758 70.409 179.1430
253.417969 70.689 176.4985
253.784180 71.055 173.3302
254.150391 71.450 169.3037
254.516602 71.803 164.3550
254.882812 72.046 158.6670
255.249023 72.132 152.5928
255.615234 72.040 146.5916
255.981445 71.779 141.1819
256.347656 71.395 136.8715
256.713867 70.982 134.0081
257.080078 70.664 132.5441
257.446289 70.546 131.8859
257.812500 70.652 131.1149
258.178711 70.914 129.5004
258.544922 71.231 126.7977
258.911133 71.518 123.1454
259.277344 71.728 118.8371
259.643555 71.834 114.1869
260.009766 71.827 109.5075
260.375977 71.710 105.1287
260.742188 71.507 101.3845
261.108398 71.270 98.5232
261.474609 71.072 96.5493
261.840820 70.972 95.1206
262.207031 70.979 93.6833
262.573242 71.038 91.8195
262.939453 71.068 89.5035
263.305664 71.017 87.0660
263.671875 70.887 84.9561
264.038086 70.733 83.4488
264.404297 70.626 82.4200
264.770508 70.601 81.3658
265.136719 70.619 79.7358
265.502930 70.590 77.3114
265.869141 70.421 74.3207
266.235352 70.059 71.3226
266.601562 69.502 69.0364
266.967773 68.817 68.1552
267.333984 68.142 69.0489
267.700195 67.642 71.3658
268.066406 67.407 73.9635
268.432617 67.370 75.6119
268.798828 67.358 75.8328
269.165039 67.214 75.0068
269.531250 66.861 73.9946
269.897461 66.310 73.7598
270.263672 65.663 75.0202
270.629883 65.067 77.8535
270.996094 64.620 81.5912
271.362305 64.282 85.4874
271.728516 63.940 89.6357
272.094727 63.577 95.0414
272.460938 63.394 102.5669
272.827148 63.699 111.2530
273.193359 64.539 118.3755
273.559570 65.600 122.2278
273.925781 66.557 123.2311
274.291992 67.268 122.6726
274.658203 67.731 121.6962
275.024414 68.011 120.9930
275.390625 68.186 120.8094
275.756836 68.304 121.1365
276.123047 68.387 121.9780
276.489258 68.465 123.4623
276.855469 68.603 125.6511
277.221680 68.880 128.2068
277.587891 69.322 130.3693
277.954102 69.855 131.4462
278.320312 70.356 131.3012
278.686523 70.727 130.3546
279.052734 70.938 129.2701
279.418945 71.023 128.6362
279.785156 71.058 128.7372
280.151367 71.119 129.4702
280.517578 71.240 130.4864
280.883789 71.410 131.4814
281.250000 71.599 132.3745
281.616211 71.793 133.2522
281.982422 72.001 134.2016
282.348633 72.238 135.2072
282.714844 72.515 136.1700
283.081055 72.832 136.9792
283.447266 73.186 137.5365
283.813477 73.570 137.7301
284.179688 73.967 137.4302
284.545898 74.347 136.5511
284.912109 74.670 135.1339
285.278320 74.903 133.3734
285.644531 75.033 131.5632
286.010742 75.075 129.9913
286.376953 75.063 128.8322
286.743164 75.037 128.0906
287.109375 75.022 127.6420
287.475586 75.021 127.3489
287.841797 75.030 127.1534
288.208008 75.051 127.0624
288.574219 75.095 127.0477
288.940430 75.171 126.9708
289.306641 75.268 126.6335
289.672852 75.349 125.9307
290.039062 75.368 124.9754
290.405273 75.301 124.0975
290.771484 75.162 123.7131
291.137695 75.013 124.1093
291.503906 74.938 125.2266
291.870117 74.997 126.6109
292.236328 75.186 127.6659
292.602539 75.447 128.0163
292.968750 75.715 127.6357
293.334961 75.950 126.7017
293.701172 76.143 125.3892
294.067383 76.296 123.7649
294.433594 76.399 121.8185
294.799805 76.433 119.5708
295.166016 76.371 117.1609
295.532227 76.199 114.8502
295.898438 75.929 112.9426
296.264648 75.597 111.6630
296.630859 75.250 111.0533
296.997070 74.927 110.9679
297.363281 74.635 111.2031
297.729492 74.363 111.6622
298.095703 74.106 112.3999
298.461914 73.881 113.4976
298.828125 73.723 114.8842
299.194336 73.652 116.2839
299.560547 73.651 117.3771
299.926758 73.678 118.0244
300.292969 73.692 118.3321
300.659180 73.686 118.5209
301.025391 73.682 118.7227
301.391602 73.711 118.8537
301.757812 73.781 118.6534
302.124023 73.868 117.8580
302.490234 73.921 116.3603
302.856445 73.889 114.2478
303.222656 73.734 111.7471
303.588867 73.431 109.1591
303.955078 72.971 106.8293
304.321289 72.361 105.1499
304.687500 71.629 104.5515
305.053711 70.842 105.4268
305.419922 70.106 107.9389
305.786133 69.537 111.7877
306.152344 69.199 116.2264
306.518555 69.069 120.4937
306.884766 69.074 124.2424
307.250977 69.163 127.5024
307.617188 69.327 130.3311
307.983398 69.567 132.5791
308.349609 69.854 133.9790
308.715820 70.120 134.4172
309.082031 70.296 134.0970
309.448242 70.341 133.4807
309.814453 70.267 133.1002
310.180664 70.134 133.3220
310.546875 70.024 134.1451
310.913086 69.990 135.1852
311.279297 70.021 135.9598
311.645508 70.056 136.2686
312.011719 70.039 136.3197
312.377930 69.964 136.5455
312.744141 69.884 137.2678
313.110352 69.879 138.4021
313.476562 69.997 139.4346
313.842773 70.205 139.7784
314.208984 70.422 139.1901
314.575195 70.571 137.8531
314.941406 70.619 136.1671
315.307617 70.580 134.4828
315.673828 70.487 132.9339
316.040039 70.366 131.4291
316.406250 70.210 129.8032
316.772461 69.985 128.0145
317.138672 69.654 126.2368
317.504883 69.204 124.8040
317.871094 68.649 124.0773
318.237305 68.031 124.3301
318.603516 67.397 125.7275
318.969727 66.803 128.3958
319.335938 66.333 132.4161
319.702148 66.112 137.5300
320.068359 66.242 142.7661
320.434570 66.696 146.7380
320.800781 67.306 148.5917
321.166992 67.890 148.4210
321.533203 68.341 146.8861
321.899414 68.639 144.7105
322.265625 68.819 142.3862
322.631836 68.933 140.0718
322.998047 69.015 137.6656
323.364258 69.062 135.0114
323.730469 69.049 132.0891
324.096680 68.956 129.0477
324.462891 68.788 126.0833
324.829102 68.566 123.2766
325.195312 68.303 120.5275
325.561523 67.979 117.6740
325.927734 67.536 114.7377
326.293945 66.910 112.1309
326.660156 66.075 110.7225
327.026367 65.117 111.6822
327.392578 64.297 115.7962
327.758789 63.977 122.0833
328.125000 64.276 127.6205
328.491211 64.918 130.1957
328.857422 65.567 129.7907
329.223633 66.049 127.4462
329.589844 66.336 124.1786
329.956055 66.473 120.6429
330.322266 66.526 117.1068
330.688477 66.554 113.5196
331.054688 66.591 109.6396
331.420898 66.635 105.1885
331.787109 66.663 99.9750
332.153320 66.638 93.9461
332.519531 66.529 87.1772
332.885742 66.313 79.8286
333.251953 65.984 72.0902
333.618164 65.546 64.1268
333.984375 65.009 56.0330
334.350586 64.382 47.8200
334.716797 63.659 39.4503
335.083008 62.818 30.9170
335.449219 61.821 22.3328
335.815430 60.630 13.9899
336.181641 59.222 6.3765
336.547852 57.599 0.1548
336.914062 55.808 -3.8920
337.280273 53.953 -4.9285
337.646484 52.220 -2.1464
338.012695 50.938 4.8485
338.378906 50.564 14.5623
338.745117 51.258 22.7736
339.111328 52.586 26.1472
339.477539 54.013 24.7986
339.843750 55.269 20.4254
340.209961 56.298 14.6113
340.576172 57.139 8.3722
340.942383 57.859 2.1445
341.308594 58.495 -4.0458
341.674805 59.036 -10.2665
342.041016 59.437 -16.3630
342.407227 59.673 -21.8394
342.773438 59.783 -26.0034
343.139648 59.899 -28.3889
343.505859 60.208 -29.3534
343.872070 60.809 -30.2092
344.238281 61.623 -32.3146
344.604492 62.478 -36.1351
344.970703 63.247 -41.3470
345.336914 63.889 -47.4344
345.703125 64.421 -54.0914
346.069336 64.865 -61.3180
346.435547 65.223 -69.2911
346.801758 65.462 -78.1573
347.167969 65.540 -87.9080
347.534180 65.428 -98.4015
347.900391 65.119 -109.4813
348.266602 64.635 -121.1218
348.632812 64.007 -133.5476
348.999023 63.265 -147.2712
349.365234 62.431 -163.0170
349.731445 61.546 178.4673
350.097656 60.722 156.7510
350.463867 60.169 132.3442
350.830078 60.081 107.2296
351.196289 60.460 84.0876
351.562500 61.136 64.5691
351.928711 61.949 48.7310
352.294922 62.814 35.6534
352.661133 63.664 24.1793
353.027344 64.414 13.4534
353.393555 64.976 3.1647
353.759766 65.295 -6.5156
354.125977 65.372 -15.1567
354.492188 65.274 -22.3557
354.858398 65.118 -28.0723
355.224609 65.008 -32.8527
355.590820 64.959 -37.5985
355.957031 64.881 -42.9376
356.323242 64.656 -48.8358
356.689453 64.216 -54.7460
357.055664 63.578 -60.0403
357.421875 62.822 -64.5088
357.788086 62.008 -68.6897
358.154297 61.045 -73.5734
358.520508 59.629 -79.6884
358.886719 57.201 -86.1624
359.252930 52.574 -88.0387
359.619141 44.370 -40.8700
359.985352 52.117 19.4171
360.351562 57.479 17.6219
360.717773 60.261 8.8453
361.083984 61.687 -0.3705
361.450195 62.265 -7.8323
361.816406 62.369 -12.1816
362.182617 62.413 -13.0710
362.548828 62.758 -12.0221
362.915039 63.435 -11.6411
363.281250 64.189 -13.2601
363.647461 64.779 -16.4171
364.013672 65.121 -19.9495
364.379883 65.271 -22.8320
364.746094 65.365 -24.6014
365.112305 65.551 -25.5786
365.478516 65.893 -26.6967
365.844727 66.338 -28.8815
366.210938 66.764 -32.5485
366.577148 67.054 -37.5941
366.943359 67.122 -43.6207
367.309570 66.913 -50.0909
367.675781 66.400 -56.3646
368.041992 65.592 -61.6859
368.408203 64.551 -65.2211
368.774414 63.430 -66.3173
369.140625 62.455 -65.1138
369.506836 61.795 -62.9958
369.873047 61.391 -61.7806
370.239258 61.010 -62.2948
370.605469 60.428 -64.1619
370.971680 59.506 -66.4336
371.337891 58.152 -67.9468
371.704102 56.286 -67.0535
372.070312 53.894 -60.4841
372.436523 51.632 -42.2566
372.802734 51.725 -14.9991
373.168945 54.056 1.6982
373.535156 56.339 6.1981
373.901367 57.921 5.0762
374.267578 58.845 2.2202
374.633789 59.289 -0.2639
375.000000 59.483 -1.3008
375.366211 59.670 -0.8824
375.732422 59.996 0.0135
376.098633 60.429 0.3097
376.464844 60.850 -0.2559
376.831055 61.186 -1.1848
377.197266 61.473 -1.8831
377.563477 61.811 -2.2596
377.929688 62.266 -2.8575
378.295898 62.810 -4.3705
378.662109 63.343 -7.0481
379.028320 63.783 -10.5953
379.394531 64.108 -14.4808
379.760742 64.356 -18.2906
380.126953 64.594 -21.9554
380.493164 64.870 -25.7579
380.859375 65.179 -30.0995
381.225586 65.474 -35.2076
381.591797 65.705 -41.0233
381.958008 65.845 -47.2949
382.324219 65.900 -53.7496
382.690430 65.901 -60.2361
383.056641 65.882 -66.7853
383.422852 65.864 -73.5693
383.789062 65.839 -80.7828
384.155273 65.783 -88.5306
384.521484 65.666 -96.7897
384.887695 65.460 -105.4457
385.253906 65.147 -114.3499
385.620117 64.705 -123.3508
385.986328 64.104 -132.2723
386.352539 63.302 -140.8373
386.718750 62.244 -148.5375
387.084961 60.884 -154.4435
387.451172 59.247 -156.9675
387.817383 57.584 -153.9734
388.183594 56.575 -144.9700
388.549805 56.798 -134.9050
388.916016 57.812 -129.5166
389.282227 58.882 -129.0110
389.648438 59.696 -131.2006
390.014648 60.228 -134.3024
390.380859 60.548 -137.2842
390.747070 60.751 -139.6624
391.113281 60.924 -141.3040
391.479492 61.149 -142.3218
391.845703 61.489 -143.0835
392.211914 61.967 -144.2072
392.578125 62.537 -146.3423
392.944336 63.093 -149.8142
393.310547 63.518 -154.4501
393.676758 63.732 -159.6736
394.042969 63.714 -164.7091
394.409180 63.514 -168.8158
394.775391 63.246 -171.5919
395.141602 63.042 -173.2914
395.507812 62.958 -174.7811
395.874023 62.925 -176.9108
396.240234 62.798 -179.8823
396.606445 62.451 176.7969
396.972656 61.825 174.0173
397.338867 60.937 172.7996
397.705078 59.880 174.1044
398.071289 58.837 178.5946
398.437500 58.058 -173.7806
398.803711 57.779 -164.2592
399.169922 58.054 -155.0000
399.536133 58.691 -147.6572
399.902344 59.432 -142.3900
400.268555 60.137 -138.3251
400.634766 60.826 -134.5488
401.000977 61.613 -130.8730
401.367188 62.568 -127.9722
401.733398 63.633 -126.6837
402.099609 64.672 -127.2401
402.465820 65.576 -129.2412
402.832031 66.310 -132.0763
403.198242 66.894 -135.2810
403.564453 67.368 -138.6864
403.930664 67.756 -142.3693
404.296875 68.048 -146.4603
404.663086 68.208 -150.9481
405.029297 68.199 -155.6036
405.395508 68.009 -160.0345
405.761719 67.662 -163.8163
406.127930 67.220 -166.6621
406.494141 66.758 -168.5856
406.860352 66.334 -169.9415
407.226562 65.943 -171.2268
407.592773 65.522 -172.7346
407.958984 64.987 -174.3224
408.325195 64.284 -175.4031
408.691406 63.429 -175.1011
409.057617 62.553 -172.6316
409.423828 61.882 -168.0405
409.790039 61.580 -162.7263
410.156250 61.561 -158.4236
410.522461 61.585 -155.5481
410.888672 61.494 -153.1056
411.254883 61.343 -149.7867
411.621094 61.352 -145.2878
411.987305 61.689 -141.0248
412.353516 62.232 -138.8413
412.719727 62.679 -139.1141
413.085938 62.801 -140.7161
413.452148 62.536 -141.8722
413.818359 62.010 -140.8224
414.184570 61.543 -136.7656
414.550781 61.469 -131.0758
414.916992 61.770 -126.3719
415.283203 62.126 -123.6061
415.649414 62.308 -121.5908
416.015625 62.355 -118.5868
416.381836 62.533 -113.9188
416.748047 63.087 -108.9410
417.114258 63.958 -105.8171
417.480469 64.868 -105.3079
417.846680 65.606 -106.6748
418.212891 66.116 -108.7739
418.579102 66.455 -110.7527
418.945312 66.726 -112.3156
419.311523 67.015 -113.7130
419.677734 67.344 -115.4532
420.043945 67.672 -117.9193
420.410156 67.941 -121.1985
420.776367 68.104 -125.1626
421.142578 68.130 -129.6105
421.508789 68.002 -134.3358
421.875000 67.704 -139.1123
422.241211 67.224 -143.6461
422.607422 66.568 -147.5548
422.973633 65.769 -150.4159
423.339844 64.901 -151.9180
423.706055 64.064 -152.0820
424.072266 63.334 -151.3718
424.438477 62.719 -150.4481
424.804688 62.151 -149.7002
425.170898 61.559 -149.0178
425.537109 60.918 -147.9639
425.903320 60.270 -146.1259
426.269531 59.697 -143.4139
426.635742 59.273 -140.1442
427.001953 59.029 -136.8545
427.368164 58.948 -134.0497
427.734375 58.989 -132.0931
428.100586 59.096 -131.2058
428.466797 59.208 -131.4425
428.833008 59.273 -132.6764
429.199219 59.261 -134.6705
429.565430 59.173 -137.2322
429.931641 59.023 -140.3589
430.297852 58.807 -144.2633
430.664062 58.476 -149.2239
431.030273 57.933 -155.3492
431.396484 57.047 -162.3906
431.762695 55.669 -169.5883
432.128906 53.636 -175.3040
432.495117 50.868 -175.9116
432.861328 48.011 -164.4565
433.227539 47.567 -143.1360
433.593750 49.429 -133.7235
433.959961 51.131 -137.3696
434.326172 52.096 -146.9399
434.692383 52.453 -158.4062
435.058594 52.470 -169.3705
435.424805 52.516 -178.3533
435.791016 53.007 174.5306
436.157227 54.128 167.2732
436.523438 55.658 157.9672
436.889648 57.221 146.4791
437.255859 58.553 133.8130
437.622070 59.525 121.1686
437.988281 60.109 109.6520
438.354492 60.357 100.2710
438.720703 60.422 93.8114
439.086914 60.553 90.3263
439.453125 60.987 88.5258
439.819336 61.746 86.2867
440.185547 62.640 82.2231
440.551758 63.452 76.2404
440.917969 64.055 68.8993
441.284180 64.409 60.8181
441.650391 64.514 52.4576
442.016602 64.388 44.1115
442.382812 64.049 35.9570
442.749023 63.515 28.1002
443.115234 62.800 20.5819
443.481445 61.913 13.3446
443.847656 60.841 6.2045
444.213867 59.524 -1.0988
444.580078 57.827 -8.7347
444.946289 55.506 -16.5184
445.312500 52.112 -23.4121
445.678711 46.602 -25.1801
446.044922 36.901 15.1870
446.411133 42.571 90.0719
446.777344 47.235 96.3247
447.143555 49.399 96.9127
447.509766 50.740 98.2460
447.875977 51.939 99.3356
448.242188 53.013 98.0042
448.608398 53.656 93.9252
448.974609 53.600 88.6028
449.340820 52.702 84.6057
449.707031 51.025 85.7593
450.073242 49.262 96.5286
450.439453 48.849 113.9642
450.805664 49.606 126.9385
451.171875 50.178 135.5059
451.538086 50.440 146.3127
451.904297 51.400 161.1260
452.270508 53.517 172.5034
452.636719 55.857 176.2108
453.002930 57.741 174.8507
453.369141 59.065 171.4725
453.735352 59.942 167.8239
454.101562 60.516 164.5510
454.467773 60.872 161.6064
454.833984 60.996 158.8563
455.200195 60.806 156.7228
455.566406 60.259 156.5566
455.932617 59.510 160.5337
456.298828 59.128 169.9429
456.665039 59.788 -178.7290
457.031250 61.285 -171.5142
457.397461 62.891 -169.7032
457.763672 64.219 -171.4233
458.129883 65.187 -174.8857
458.496094 65.819 -178.9868
458.862305 66.150 176.9573
459.228516 66.210 173.5286
459.594727 66.046 171.4166
459.960938 65.768 171.3857
460.327148 65.598 173.7830
460.693359 65.792 177.6820
461.059570 66.426 -179.0647
461.425781 67.307 -178.1556
461.791992 68.175 -179.8170
462.158203 68.861 176.6028
462.524414 69.297 171.8774
462.890625 69.463 166.6271
463.256836 69.353 161.3347
463.623047 68.963 156.4669
463.989258 68.300 152.5920
464.355469 67.406 150.4115
464.721680 66.398 150.5623
465.087891 65.464 153.0688
465.454102 64.747 156.8896
465.820312 64.179 160.6620
466.186523 63.535 164.2719
466.552734 62.676 169.3971
466.918945 61.822 178.5237
467.285156 61.641 -168.3545
467.651367 62.490 -156.4768
468.017578 63.786 -149.9166
468.383789 64.919 -147.6412
468.750000 65.717 -147.2235
469.116211 66.268 -147.0393
469.482422 66.731 -146.6576
469.848633 67.204 -146.6055
470.214844 67.643 -147.5813
470.581055 67.918 -149.6923
470.947266 67.911 -152.3157
471.313477 67.572 -154.3474
471.679688 66.958 -154.4742
472.045898 66.261 -151.5775
472.412109 65.794 -145.5630
472.778320 65.816 -138.0229
473.144531 66.311 -131.1461
473.510742 67.084 -125.9766
473.876953 67.981 -122.4872
474.243164 68.933 -120.4865
474.609375 69.891 -119.9235
474.975586 70.794 -120.7156
475.341797 71.581 -122.5992
475.708008 72.218 -125.1676
476.074219 72.703 -127.9978
476.440430 73.060 -130.7668
476.806641 73.327 -133.3165
477.172852 73.536 -135.6501
477.539062 73.705 -137.8629
477.905273 73.831 -140.0391
478.271484 73.908 -142.1803
478.637695 73.930 -144.2059
479.003906 73.910 -146.0173
479.370117 73.871 -147.5864
479.736328 73.839 -149.0151
480.102539 73.822 -150.5140
480.468750 73.805 -152.2988
480.834961 73.754 -154.4724
481.201172 73.630 -156.9705
481.567383 73.408 -159.5920
481.933594 73.085 -162.0778
482.299805 72.676 -164.1974
482.666016 72.212 -165.8160
483.032227 71.727 -166.9229
483.398438 71.250 -167.6196
483.764648 70.796 -168.0864
484.130859 70.360 -168.5427
484.497070 69.919 -169.1945
484.863281 69.420 -170.1405
485.229492 68.797 -171.2539
485.595703 67.988 -172.0891
485.961914 66.967 -171.8625
486.328125 65.790 -169.5745
486.694336 64.632 -164.4465
487.060547 63.751 -156.7225
487.426758 63.304 -147.9061
487.792969 63.227 -139.4611
488.159180 63.402 -131.7809
488.525391 63.806 -124.9259
488.891602 64.432 -119.4731
489.257812 65.172 -116.1165
489.624023 65.856 -114.8802
489.990234 66.359 -115.0898
490.356445 66.650 -115.8455
490.722656 66.777 -116.4512
491.088867 66.826 -116.6591
491.455078 66.860 -116.6570
491.821289 66.882 -116.7621
492.187500 66.855 -117.0580
492.553711 66.751 -117.3097
492.919922 66.589 -117.1885
493.286133 66.425 -116.5812
493.652344 66.305 -115.7102
494.018555 66.228 -114.9221
494.384766 66.151 -114.3451
494.750977 66.045 -113.7913
495.117188 65.925 -112.9823
495.483398 65.842 -111.8655
495.849609 65.837 -110.7228
496.215820 65.901 -109.9456
496.582031 65.991 -109.7225
496.948242 66.073 -109.9895
497.314453 66.142 -110.6486
497.680664 66.211 -111.7852
498.046875 66.267 -113.6610
498.413086 66.255 -116.4918
498.779297 66.097 -120.2329
499.145508 65.722 -124.5330
499.511719 65.091 -128.8193
499.877930 64.210 -132.4185
