* Measurement data measured by REW V5.31.3
* Source: EXCL: Microphone (Umik-1  Gain: 18dB  ), MICROPHONE (Master Volume), R, volume: 0.520
* Format: 256k Log Swept Sine, 1 sweep at -12.0 dBFS with no timing reference
* Dated: Oct 3, 2026 3:31:21 PM
* REW Settings:
*  C-weighting compensation: Off
*  Target level: 75.0 dB
* Note: ; 
* Measurement: R right-low bass only, phase 0 Oct 3
* Smoothing: None
* Frequency Step: 0.36621094 Hz
* Start Frequency: 15.014648 Hz
*
* Freq(Hz) SPL(dB) Phase(degrees)
15.014648 71.269 -165.8336
15.380859 71.198 -165.8734
15.747070 71.366 -165.5879
16.113281 71.651 -166.5076
16.479492 71.818 -168.9040
16.845703 71.678 -171.9471
17.211914 71.138 -174.1710
17.578125 70.228 -173.4646
17.944336 69.282 -167.1708
18.310547 69.182 -155.1384
18.676758 70.509 -144.4620
19.042969 72.497 -141.3297
19.409180 74.292 -144.7738
19.775391 75.588 -152.0266
20.141602 76.340 -161.0089
20.507812 76.586 -170.2383
20.874023 76.406 -178.5233
21.240234 75.941 175.0934
21.606445 75.401 171.0345
21.972656 75.007 168.6805
22.338867 74.835 166.4935
22.705078 74.753 163.2083
23.071289 74.550 158.7081
23.437500 74.080 153.7753
23.803711 73.301 149.5226
24.169922 72.269 147.0056
24.536133 71.126 146.8901
24.902344 70.046 149.1028
25.268555 69.136 152.8600
25.634766 68.378 157.3736
26.000977 67.710 162.4935
26.367188 67.139 168.4532
26.733398 66.747 175.0464
27.099609 66.542 -178.6956
27.465820 66.347 -173.5582
27.832031 65.872 -168.7630
28.198242 64.969 -161.1581
28.564453 64.171 -145.7702
28.930664 65.082 -124.9387
29.296875 67.646 -112.5612
29.663086 70.157 -110.9083
30.029297 71.935 -114.9302
30.395508 72.925 -120.8452
30.761719 73.228 -126.0501
31.127930 73.070 -128.4030
31.494141 72.872 -126.7077
31.860352 73.127 -122.4606
32.226562 73.882 -119.2822
32.592773 74.725 -118.7285
32.958984 75.340 -119.3841
33.325195 75.761 -119.0424
33.691406 76.313 -116.7500
34.057617 77.322 -114.2240
34.423828 78.700 -114.3550
34.790039 80.068 -118.1373
35.156250 81.136 -124.6446
35.522461 81.789 -132.4426
35.888672 82.026 -140.2362
36.254883 81.922 -146.9958
36.621094 81.607 -152.0542
36.987305 81.243 -155.3115
37.353516 80.959 -157.3258
37.719727 80.780 -158.9357
38.085938 80.650 -160.6313
38.452148 80.511 -162.3584
38.818359 80.365 -163.8692
39.184570 80.258 -165.1710
39.550781 80.219 -166.6498
39.916992 80.209 -168.7586
40.283203 80.144 -171.6157
40.649414 79.949 -174.9111
41.015625 79.599 -178.1025
41.381836 79.120 179.3161
41.748047 78.574 177.6047
42.114258 78.019 176.7237
42.480469 77.477 176.5027
42.846680 76.944 176.9063
43.212891 76.433 178.1118
43.579102 76.003 -179.7453
43.945312 75.740 -176.9556
44.311523 75.676 -174.2807
44.677734 75.743 -172.4416
45.043945 75.824 -171.6047
45.410156 75.825 -171.3885
45.776367 75.723 -171.1956
46.142578 75.557 -170.5298
46.508789 75.401 -169.1954
46.875000 75.330 -167.3580
47.241211 75.387 -165.4473
47.607422 75.568 -163.9557
47.973633 75.833 -163.2562
48.339844 76.120 -163.5114
48.706055 76.371 -164.6611
49.072266 76.543 -166.4617
49.438477 76.623 -168.5675
49.804688 76.630 -170.6531
50.170898 76.616 -172.5674
50.537109 76.638 -174.4593
50.903320 76.723 -176.7591
51.269531 76.842 -179.9621
51.635742 76.923 175.6324
52.001953 76.877 170.0268
52.368164 76.632 163.4572
52.734375 76.136 156.2705
53.100586 75.354 148.8253
53.466797 74.264 141.4300
53.833008 72.836 134.3069
54.199219 71.016 127.5797
54.565430 68.684 121.3033
54.931641 65.567 115.5693
55.297852 60.970 110.8245
55.664062 52.052 110.3994
56.030273 47.808 -94.2274
56.396484 57.867 -88.6414
56.762695 61.858 -88.4202
57.128906 64.406 -87.3893
57.495117 66.523 -86.1485
57.861328 68.504 -86.1993
58.227539 70.315 -88.4473
58.593750 71.840 -92.7675
58.959961 73.006 -98.4321
59.326172 73.802 -104.5449
59.692383 74.273 -110.2487
60.058594 74.518 -114.8643
60.424805 74.682 -118.1095
60.791016 74.911 -120.3378
61.157227 75.272 -122.4435
61.523438 75.711 -125.2710
61.889648 76.111 -129.0688
62.255859 76.373 -133.4723
62.622070 76.462 -137.8090
62.988281 76.415 -141.4123
63.354492 76.326 -143.8956
63.720703 76.310 -145.3658
64.086914 76.440 -146.4045
64.453125 76.710 -147.7078
64.819336 77.058 -149.6855
65.185547 77.419 -152.3869
65.551758 77.755 -155.6904
65.917969 78.055 -159.4960
66.284180 78.307 -163.7900
66.650391 78.497 -168.6020
67.016602 78.596 -173.9289
67.382812 78.571 -179.6828
67.749023 78.390 174.3250
68.115234 78.031 168.3810
68.481445 77.486 162.8637
68.847656 76.771 158.2201
69.213867 75.938 154.8862
69.580078 75.083 153.1042
69.946289 74.314 152.6936
70.312500 73.694 153.0488
70.678711 73.203 153.5706
71.044922 72.782 154.1427
71.411133 72.424 155.0618
71.777344 72.205 156.4185
72.143555 72.208 157.5546
72.509766 72.389 157.3953
72.875977 72.575 155.4307
73.242188 72.592 152.1356
73.608398 72.359 148.6300
73.974609 71.934 146.1288
74.340820 71.502 145.2615
74.707031 71.272 145.3653
75.073242 71.271 144.7945
75.439453 71.295 142.5082
75.805664 71.097 138.9546
76.171875 70.551 135.6511
76.538086 69.725 134.5012
76.904297 68.937 136.7811
77.270508 68.619 141.3530
77.636719 68.845 144.8384
78.002930 69.231 145.3593
78.369141 69.420 143.7962
78.735352 69.319 142.0121
79.101562 69.055 141.4646
79.467773 68.871 142.3792
79.833984 68.929 143.5596
80.200195 69.164 143.5743
80.566406 69.390 142.0875
80.932617 69.492 139.7509
81.298828 69.484 137.3597
81.665039 69.462 135.1980
82.031250 69.510 132.8503
82.397461 69.617 129.5947
82.763672 69.689 125.0172
83.129883 69.617 119.2421
83.496094 69.332 112.7410
83.862305 68.812 106.0609
84.228516 68.072 99.6318
84.594727 67.140 93.6566
84.960938 66.025 88.0806
85.327148 64.678 82.6891
85.693359 62.956 77.3549
86.059570 60.559 72.4606
86.425781 56.856 70.0459
86.791992 50.251 82.0853
87.158203 48.017 164.5084
87.524414 55.373 -172.3715
87.890625 59.324 -173.0833
88.256836 61.681 -177.0066
88.623047 63.250 179.0357
88.989258 64.447 175.6577
89.355469 65.503 172.4550
89.721680 66.485 168.6894
90.087891 67.351 163.9333
90.454102 68.031 158.3156
90.820312 68.493 152.3491
91.186523 68.766 146.6315
91.552734 68.934 141.5676
91.918945 69.107 137.1472
92.285156 69.368 132.9040
92.651367 69.734 128.1758
93.017578 70.156 122.4861
93.383789 70.567 115.7034
93.750000 70.913 107.9384
94.116211 71.161 99.3852
94.482422 71.290 90.2452
94.848633 71.278 80.7386
95.214844 71.111 71.1463
95.581055 70.785 61.8309
95.947266 70.321 53.1958
96.313477 69.779 45.5562
96.679688 69.245 38.9353
97.045898 68.790 32.9257
97.412109 68.418 26.8571
97.778320 68.055 20.2536
98.144531 67.594 13.1809
98.510742 66.964 6.2350
98.876953 66.180 0.2810
99.243164 65.366 -3.9985
99.609375 64.716 -6.7462
99.975586 64.348 -9.1979
100.341797 64.177 -12.7524
100.708008 63.986 -17.7379
101.074219 63.604 -23.3010
101.440430 63.002 -28.0018
101.806641 62.324 -30.5165
102.172852 61.867 -30.6626
102.539062 61.855 -30.1706
102.905273 62.181 -31.3176
103.271484 62.533 -34.7792
103.637695 62.679 -39.6672
104.003906 62.550 -44.6112
104.370117 62.219 -48.4548
104.736328 61.852 -50.7183
105.102539 61.615 -51.9192
105.468750 61.545 -53.2263
105.834961 61.532 -55.4575
106.201172 61.435 -58.5311
106.567383 61.194 -61.7743
106.933594 60.857 -64.5223
107.299805 60.538 -66.6451
107.666016 60.332 -68.7467
108.032227 60.218 -71.7172
108.398438 60.076 -75.9557
108.764648 59.782 -81.0446
109.130859 59.300 -85.9662
109.497070 58.729 -89.5756
109.863281 58.320 -91.4161
110.229492 58.337 -92.6650
110.595703 58.784 -95.5951
110.961914 59.394 -101.4929
111.328125 59.883 -109.9706
111.694336 60.089 -119.8131
112.060547 59.970 -129.6577
112.426758 59.574 -138.2350
112.792969 59.050 -144.5917
113.159180 58.622 -148.5806
113.525391 58.476 -151.2626
113.891602 58.600 -154.2285
114.257812 58.820 -158.2538
114.624023 58.976 -162.9794
114.990234 59.019 -167.5660
115.356445 59.000 -171.3490
115.722656 59.005 -174.1501
116.088867 59.088 -176.1625
116.455078 59.252 -177.5325
116.821289 59.510 -178.1468
117.187500 59.932 -177.9756
117.553711 60.601 -177.5999
117.919922 61.498 -178.0889
118.286133 62.481 179.8363
118.652344 63.380 176.2839
119.018555 64.091 171.9270
119.384766 64.594 167.5465
119.750977 64.937 163.7117
120.117188 65.197 160.6080
120.483398 65.432 158.0439
120.849609 65.656 155.6796
121.215820 65.837 153.3257
121.582031 65.945 151.0599
121.948242 65.976 149.1038
122.314453 65.958 147.6094
122.680664 65.924 146.5363
123.046875 65.888 145.7180
123.413086 65.838 145.0545
123.779297 65.759 144.6310
124.145508 65.663 144.6401
124.511719 65.591 145.1701
124.877930 65.589 146.0521
125.244141 65.666 146.9426
125.610352 65.790 147.5967
125.976562 65.914 148.0588
126.342773 66.020 148.6023
126.708984 66.133 149.4976
127.075195 66.306 150.7861
127.441406 66.580 152.2173
127.807617 66.957 153.4134
128.173828 67.401 154.1195
128.540039 67.870 154.3057
128.906250 68.343 154.0670
129.272461 68.818 153.4565
129.638672 69.294 152.3961
130.004883 69.750 150.7360
130.371094 70.142 148.4127
130.737305 70.411 145.5834
131.103516 70.516 142.6580
131.469727 70.460 140.2206
131.835938 70.304 138.8409
132.202148 70.171 138.7438
132.568359 70.196 139.4684
132.934570 70.421 139.9778
133.300781 70.760 139.3758
133.666992 71.070 137.4884
134.033203 71.243 134.7830
134.399414 71.255 131.9661
134.765625 71.151 129.6161
135.131836 71.020 127.9137
135.498047 70.935 126.5515
135.864258 70.904 124.9712
136.230469 70.867 122.8019
136.596680 70.742 120.1104
136.962891 70.481 117.3128
137.329102 70.091 114.9155
137.695312 69.628 113.2413
138.061523 69.163 112.2381
138.427734 68.732 111.5151
138.793945 68.305 110.6590
139.160156 67.806 109.5900
139.526367 67.170 108.6747
139.892578 66.383 108.5862
140.258789 65.513 110.0221
140.625000 64.703 113.2992
140.991211 64.116 117.9606
141.357422 63.826 122.8755
141.723633 63.772 126.9808
142.089844 63.836 129.8381
142.456055 63.918 131.5096
142.822266 63.960 132.2183
143.188477 63.927 132.2015
143.554688 63.792 131.7463
143.920898 63.550 131.2382
144.287109 63.236 131.0905
144.653320 62.937 131.4965
145.019531 62.760 132.0916
145.385742 62.746 131.9049
145.751953 62.808 129.8960
146.118164 62.767 125.5931
146.484375 62.434 119.2157
146.850586 61.654 111.4534
147.216797 60.305 103.3409
147.583008 58.308 96.4119
147.949219 55.740 93.0356
148.315430 53.187 95.4269
148.681641 51.782 99.0913
149.047852 51.579 91.6705
149.414062 52.031 67.7158
149.780273 53.741 33.2590
150.146484 56.600 1.3651
150.512695 59.420 -23.2460
150.878906 61.625 -42.3533
151.245117 63.154 -57.5710
151.611328 64.106 -69.5002
151.977539 64.650 -78.2445
152.343750 65.002 -84.0104
152.709961 65.374 -87.6660
153.076172 65.858 -90.7264
153.442383 66.367 -94.4796
153.808594 66.734 -99.2353
154.174805 66.833 -104.4258
154.541016 66.642 -109.0743
154.907227 66.254 -112.2524
155.273438 65.865 -113.6611
155.639648 65.673 -114.2043
156.005859 65.692 -115.6021
156.372070 65.729 -118.9830
156.738281 65.547 -124.1909
157.104492 64.991 -130.1892
157.470703 64.019 -135.5443
157.836914 62.718 -138.7119
158.203125 61.358 -138.6501
158.569336 60.302 -136.1516
158.935547 59.656 -134.0292
159.301758 59.095 -134.3035
159.667969 58.217 -136.4645
160.034180 56.804 -138.4745
160.400391 54.895 -137.9431
160.766602 52.791 -133.6006
161.132812 50.722 -127.6708
161.499023 47.885 -124.1801
161.865234 40.669 -120.4777
162.231445 39.919 29.4135
162.597656 50.808 29.6541
162.963867 55.668 21.7565
163.330078 58.441 13.2535
163.696289 59.983 5.9363
164.062500 60.712 1.2412
164.428711 61.031 0.3073
164.794922 61.429 2.7967
165.161133 62.205 5.9270
165.527344 63.165 6.8054
165.893555 63.902 5.1616
166.259766 64.177 2.7286
166.625977 64.007 1.9037
166.992188 63.730 4.6384
167.358398 63.920 10.1008
167.724609 64.764 13.8749
168.090820 65.768 13.0019
168.457031 66.408 8.3276
168.823242 66.452 2.1824
169.189453 65.893 -2.8799
169.555664 64.968 -4.3240
169.921875 64.258 -1.1334
170.288086 64.324 3.2145
170.654297 64.889 3.6786
171.020508 65.247 -0.2864
171.386719 64.970 -6.0345
171.752930 63.935 -9.9001
172.119141 62.410 -7.1763
172.485352 61.556 4.9085
172.851562 62.496 17.5043
173.217773 64.149 21.6786
173.583984 65.394 20.0944
173.950195 66.033 17.1772
174.316406 66.260 15.6956
174.682617 66.427 16.5573
175.048828 66.825 18.5533
175.415039 67.442 19.5916
175.781250 68.037 18.8084
176.147461 68.407 16.8071
176.513672 68.492 14.6628
176.879883 68.337 13.2325
177.246094 68.032 12.9233
177.612305 67.656 13.7712
177.978516 67.263 15.7003
178.344727 66.914 18.6424
178.710938 66.686 22.2869
179.077148 66.621 25.8387
179.443359 66.645 28.4302
179.809570 66.599 29.8845
180.175781 66.353 30.9330
180.541992 65.904 32.8145
180.908203 65.412 36.5363
181.274414 65.141 41.8783
181.640625 65.231 47.1020
182.006836 65.540 50.5020
182.373047 65.812 51.8498
182.739258 65.886 52.0225
183.105469 65.728 52.1276
183.471680 65.397 53.0369
183.837891 64.998 55.2034
184.204102 64.641 58.6028
184.570312 64.400 62.8215
184.936523 64.280 67.3278
185.302734 64.229 71.8220
185.668945 64.184 76.4583
186.035156 64.129 81.7868
186.401367 64.148 88.3630
186.767578 64.402 96.0943
187.133789 65.009 103.8927
187.500000 65.915 110.3796
187.866211 66.956 114.9141
188.232422 67.983 117.6687
188.598633 68.921 119.1085
188.964844 69.740 119.6548
189.331055 70.429 119.6465
189.697266 70.993 119.4048
190.063477 71.452 119.2349
190.429688 71.855 119.3210
190.795898 72.260 119.5886
191.162109 72.696 119.7014
191.528320 73.145 119.2805
191.894531 73.549 118.1836
192.260742 73.852 116.5986
192.626953 74.036 114.9145
192.993164 74.125 113.4940
193.359375 74.173 112.4708
193.725586 74.226 111.6879
194.091797 74.289 110.8518
194.458008 74.329 109.7980
194.824219 74.306 108.6324
195.190430 74.209 107.6442
195.556641 74.066 107.0831
195.922852 73.923 106.9656
196.289062 73.807 107.0636
196.655273 73.706 107.1144
197.021484 73.579 107.0618
197.387695 73.399 107.0939
197.753906 73.174 107.4596
198.120117 72.941 108.2319
198.486328 72.723 109.2310
198.852539 72.505 110.2145
199.218750 72.237 111.1743
199.584961 71.883 112.4443
199.951172 71.465 114.5095
200.317383 71.062 117.6221
200.683594 70.762 121.5068
201.049805 70.581 125.5474
201.416016 70.447 129.4143
201.782227 70.293 133.4349
202.148438 70.142 138.2951
202.514648 70.135 144.2817
202.880859 70.419 150.6504
203.247070 70.995 156.0216
203.613281 71.704 159.5699
203.979492 72.383 161.4598
204.345703 72.952 162.3463
204.711914 73.416 162.8215
205.078125 73.816 163.1585
205.444336 74.185 163.3250
205.810547 74.525 163.1809
206.176758 74.809 162.7000
206.542969 75.011 162.0551
206.909180 75.131 161.5374
207.275391 75.203 161.3850
207.641602 75.277 161.6214
208.007812 75.395 162.0131
208.374023 75.555 162.2134
208.740234 75.721 161.9946
209.106445 75.845 161.3726
209.472656 75.897 160.5538
209.838867 75.875 159.7872
210.205078 75.796 159.2333
210.571289 75.681 158.9230
210.937500 75.536 158.8262
211.303711 75.354 158.9716
211.669922 75.134 159.5134
212.036133 74.898 160.6663
212.402344 74.701 162.5267
212.768555 74.605 164.8976
213.134766 74.639 167.3054
213.500977 74.776 169.2662
213.867188 74.951 170.5669
214.233398 75.106 171.3126
214.599609 75.211 171.7755
214.965820 75.273 172.2128
215.332031 75.315 172.7558
215.698242 75.361 173.3932
216.064453 75.427 174.0260
216.430664 75.513 174.5410
216.796875 75.613 174.8522
217.163086 75.718 174.9017
217.529297 75.817 174.6464
217.895508 75.897 174.0594
218.261719 75.939 173.1511
218.627930 75.926 171.9857
218.994141 75.846 170.6809
219.360352 75.698 169.3790
219.726562 75.488 168.2043
220.092773 75.230 167.2276
220.458984 74.935 166.4618
220.825195 74.607 165.9007
221.191406 74.245 165.5750
221.557617 73.851 165.5777
221.923828 73.441 166.0220
222.290039 73.047 166.9471
222.656250 72.701 168.2446
223.022461 72.421 169.6880
223.388672 72.199 171.0560
223.754883 72.023 172.2174
224.121094 71.882 173.0828
224.487305 71.770 173.4921
224.853516 71.661 173.2087
225.219727 71.496 172.0743
225.585938 71.199 170.1923
225.952148 70.711 167.9738
226.318359 70.026 166.0074
226.684570 69.199 164.7645
227.050781 68.330 164.1851
227.416992 67.472 163.4576
227.783203 66.519 161.4568
228.149414 65.199 157.5553
228.515625 63.098 151.9852
228.881836 59.497 145.9046
229.248047 52.124 144.0457
229.614258 44.603 -84.8709
229.980469 56.116 -71.3866
230.346680 60.208 -75.0567
230.712891 62.319 -78.4703
231.079102 63.590 -80.1796
231.445312 64.538 -80.3749
231.811523 65.401 -80.0024
232.177734 66.218 -79.9390
232.543945 66.943 -80.4523
232.910156 67.544 -81.3468
233.276367 68.031 -82.3672
233.642578 68.428 -83.4111
234.008789 68.744 -84.4679
234.375000 68.976 -85.4500
234.741211 69.131 -86.1356
235.107422 69.252 -86.3201
235.473633 69.410 -86.0709
235.839844 69.649 -85.8329
236.206055 69.949 -86.1803
236.572266 70.232 -87.4104
236.938477 70.414 -89.3789
237.304688 70.448 -91.6462
237.670898 70.343 -93.7330
238.037109 70.144 -95.3381
238.403320 69.907 -96.4512
238.769531 69.665 -97.2901
239.135742 69.407 -98.0807
239.501953 69.104 -98.8519
239.868164 68.738 -99.4141
240.234375 68.328 -99.5248
240.600586 67.920 -99.1139
240.966797 67.555 -98.3976
241.333008 67.234 -97.7412
241.699219 66.910 -97.3555
242.065430 66.532 -97.1082
242.431641 66.084 -96.6151
242.797852 65.612 -95.5400
243.164062 65.195 -93.9327
243.530273 64.881 -92.3148
243.896484 64.634 -91.3140
244.262695 64.357 -91.1625
244.628906 63.965 -91.5746
244.995117 63.432 -92.0281
245.361328 62.796 -92.1682
245.727539 62.105 -92.0735
246.093750 61.346 -92.1366
246.459961 60.423 -92.5516
246.826172 59.196 -92.8156
247.192383 57.571 -91.5413
247.558594 55.616 -86.5729
247.924805 53.713 -75.9213
248.291016 52.490 -60.3197
248.657227 52.238 -43.6179
249.023438 52.815 -28.6587
249.389648 54.078 -17.4695
249.755859 55.681 -12.1117
250.122070 57.133 -12.6111
250.488281 58.111 -17.3419
250.854492 58.494 -24.4807
251.220703 58.270 -32.5141
251.586914 57.490 -40.2515
251.953125 56.265 -46.8950
252.319336 54.754 -52.4182
252.685547 53.073 -58.1235
253.051758 51.155 -66.7860
253.417969 48.760 -82.8177
253.784180 46.211 -114.2016
254.150391 46.348 -161.2076
254.516602 49.514 164.0223
254.882812 52.611 144.3100
255.249023 55.007 131.4509
255.615234 56.823 121.6833
255.981445 58.173 113.4866
256.347656 59.115 106.3518
256.713867 59.685 100.3503
257.080078 59.946 95.8582
257.446289 60.007 93.2422
257.812500 60.018 92.4780
258.178711 60.106 92.9214
258.544922 60.293 93.6071
258.911133 60.504 93.8926
259.277344 60.646 93.7253
259.643555 60.665 93.3871
260.009766 60.550 93.1596
260.375977 60.296 93.2128
260.742188 59.884 93.7346
261.108398 59.286 95.1493
261.474609 58.514 98.2349
261.840820 57.679 103.9542
262.207031 57.041 112.7346
262.573242 56.897 123.3622
262.939453 57.296 133.2838
263.305664 57.978 140.8738
263.671875 58.668 146.3752
264.038086 59.252 150.9202
264.404297 59.781 155.4995
264.770508 60.393 160.3140
265.136719 61.182 164.6110
265.502930 62.093 167.3729
265.869141 62.964 168.2592
266.235352 63.650 167.7808
266.601562 64.094 166.8739
266.967773 64.333 166.4402
267.333984 64.473 166.9860
267.700195 64.630 168.4168
268.066406 64.850 170.2312
268.432617 65.105 172.0779
268.798828 65.354 174.0853
269.165039 65.622 176.5967
269.531250 65.991 179.6121
269.897461 66.522 -177.4490
270.263672 67.175 -175.3014
270.629883 67.849 -174.1846
270.996094 68.469 -173.8182
271.362305 69.022 -173.8046
271.728516 69.534 -173.9847
272.094727 70.021 -174.4753
272.460938 70.455 -175.4162
272.827148 70.790 -176.7043
273.193359 71.000 -177.9667
273.559570 71.112 -178.7755
273.925781 71.198 -178.9559
274.291992 71.325 -178.7656
274.658203 71.503 -178.7192
275.024414 71.677 -179.1546
275.390625 71.773 -179.9720
275.756836 71.760 179.2490
276.123047 71.665 178.9338
276.489258 71.551 179.2334
276.855469 71.471 179.9597
277.221680 71.436 -179.1949
277.587891 71.424 -178.3748
277.954102 71.427 -177.5277
278.320312 71.464 -176.6376
278.686523 71.559 -175.9298
279.052734 71.693 -175.7799
279.418945 71.800 -176.3964
279.785156 71.804 -177.6174
280.151367 71.661 -178.9861
280.517578 71.380 -179.9872
280.883789 71.009 179.7089
281.250000 70.606 -179.8818
281.616211 70.193 -178.9551
281.982422 69.752 -177.6261
282.348633 69.253 -175.7127
282.714844 68.702 -172.8027
283.081055 68.158 -168.5413
283.447266 67.706 -162.8785
283.813477 67.410 -155.9979
284.179688 67.326 -148.0414
284.545898 67.550 -139.2334
284.912109 68.197 -130.4987
285.278320 69.252 -123.4381
285.644531 70.520 -119.1852
286.010742 71.773 -117.7409
286.376953 72.865 -118.4133
286.743164 73.738 -120.4019
287.109375 74.392 -123.0601
287.475586 74.851 -125.9412
287.841797 75.147 -128.7646
288.208008 75.309 -131.3614
288.574219 75.364 -133.6249
288.940430 75.337 -135.4825
289.306641 75.250 -136.8926
289.672852 75.129 -137.8573
290.039062 74.991 -138.4269
290.405273 74.847 -138.6766
290.771484 74.700 -138.6602
291.137695 74.545 -138.3718
291.503906 74.388 -137.7453
291.870117 74.243 -136.7010
292.236328 74.136 -135.2163
292.602539 74.101 -133.3790
292.968750 74.159 -131.3872
293.334961 74.316 -129.4973
293.701172 74.561 -127.9555
294.067383 74.870 -126.9537
294.433594 75.208 -126.6060
294.799805 75.540 -126.9331
295.166016 75.829 -127.8551
295.532227 76.052 -129.2096
295.898438 76.201 -130.7988
296.264648 76.280 -132.4544
296.630859 76.305 -134.0900
296.997070 76.288 -135.7092
297.363281 76.231 -137.3554
297.729492 76.123 -139.0341
298.095703 75.955 -140.6669
298.461914 75.724 -142.1154
298.828125 75.446 -143.2574
299.194336 75.140 -144.0591
299.560547 74.820 -144.5674
299.926758 74.481 -144.8102
300.292969 74.117 -144.6804
300.659180 73.742 -143.9391
301.025391 73.416 -142.4039
301.391602 73.225 -140.2440
301.757812 73.225 -138.0920
302.124023 73.388 -136.7181
302.490234 73.618 -136.5397
302.856445 73.819 -137.4830
303.222656 73.939 -139.2068
303.588867 73.966 -141.3776
303.955078 73.914 -143.8148
304.321289 73.792 -146.4842
304.687500 73.595 -149.3951
305.053711 73.311 -152.5016
305.419922 72.932 -155.6890
305.786133 72.466 -158.8490
306.152344 71.927 -161.9784
306.518555 71.320 -165.2053
306.884766 70.623 -168.6941
307.250977 69.787 -172.4813
307.617188 68.759 -176.3669
307.983398 67.508 -179.9329
308.349609 66.048 177.3002
308.715820 64.438 175.5950
309.082031 62.745 174.7078
309.448242 60.949 173.9360
309.814453 58.893 172.7285
310.180664 56.305 171.4591
310.546875 52.895 172.0431
310.913086 48.583 178.6296
311.279297 44.227 -165.6025
311.645508 40.414 -156.5693
312.011719 35.182 149.5718
312.377930 44.739 80.2767
312.744141 51.882 63.4650
313.110352 56.445 52.9786
313.476562 59.655 44.2228
313.842773 62.036 36.4906
314.208984 63.872 29.5620
314.575195 65.331 23.2443
314.941406 66.511 17.3321
315.307617 67.463 11.6655
315.673828 68.205 6.1891
316.040039 68.747 0.9700
316.406250 69.097 -3.8225
316.772461 69.276 -7.9633
317.138672 69.321 -11.2312
317.504883 69.282 -13.4836
317.871094 69.220 -14.7262
318.237305 69.187 -15.1362
318.603516 69.211 -14.9931
318.969727 69.299 -14.5532
319.335938 69.447 -13.9807
319.702148 69.657 -13.4056
320.068359 69.935 -13.0355
320.434570 70.267 -13.1743
320.800781 70.605 -14.0860
321.166992 70.879 -15.8182
321.533203 71.019 -18.1325
321.899414 70.987 -20.5661
322.265625 70.783 -22.5637
322.631836 70.456 -23.6413
322.998047 70.087 -23.5666
323.364258 69.760 -22.4646
323.730469 69.519 -20.7043
324.096680 69.364 -18.5986
324.462891 69.286 -16.2296
324.829102 69.306 -13.6082
325.195312 69.466 -10.9740
325.561523 69.772 -8.8475
325.927734 70.171 -7.7076
326.293945 70.577 -7.6657
326.660156 70.926 -8.4749
327.026367 71.201 -9.7828
327.392578 71.421 -11.3823
327.758789 71.608 -13.3102
328.125000 71.759 -15.7516
328.491211 71.832 -18.8282
328.857422 71.771 -22.4348
329.223633 71.531 -26.2162
329.589844 71.098 -29.6489
329.956055 70.503 -32.1762
330.322266 69.825 -33.3945
330.688477 69.170 -33.2679
331.054688 68.627 -32.2175
331.420898 68.213 -30.8859
331.787109 67.882 -29.7130
332.153320 67.577 -28.7443
332.519531 67.274 -27.8003
332.885742 66.987 -26.7617
333.251953 66.737 -25.7187
333.618164 66.525 -24.8990
333.984375 66.328 -24.4908
334.350586 66.112 -24.5632
334.716797 65.857 -25.1488
335.083008 65.537 -26.3647
335.449219 65.107 -28.4169
335.815430 64.474 -31.4563
336.181641 63.502 -35.3943
336.547852 62.010 -39.7557
336.914062 59.755 -43.4583
337.280273 56.345 -43.9583
337.646484 51.181 -32.8621
338.012695 46.766 16.9774
338.378906 50.354 60.6427
338.745117 53.605 75.1280
339.111328 55.750 84.5181
339.477539 57.684 93.0602
339.843750 59.729 99.3723
340.209961 61.737 102.3350
340.576172 63.508 102.4612
340.942383 64.964 100.8382
341.308594 66.120 98.3589
341.674805 67.025 95.5696
342.041016 67.722 92.7591
342.407227 68.245 90.1003
342.773438 68.615 87.7637
343.139648 68.855 85.9594
343.505859 69.004 84.8988
343.872070 69.117 84.7045
344.238281 69.257 85.3244
344.604492 69.477 86.5139
344.970703 69.804 87.9062
345.336914 70.239 89.1204
345.703125 70.758 89.8396
346.069336 71.321 89.8540
346.435547 71.883 89.0884
346.801758 72.398 87.6100
347.167969 72.836 85.5953
347.534180 73.184 83.2601
347.900391 73.448 80.7784
348.266602 73.638 78.2275
348.632812 73.759 75.5934
348.999023 73.800 72.8455
349.365234 73.734 70.0436
349.731445 73.532 67.4164
350.097656 73.185 65.3674
350.463867 72.723 64.3867
350.830078 72.229 64.8492
351.196289 71.819 66.7273
351.562500 71.586 69.4519
351.928711 71.534 72.2309
352.294922 71.595 74.6067
352.661133 71.702 76.6302
353.027344 71.844 78.5372
353.393555 72.053 80.3353
353.759766 72.344 81.6969
354.125977 72.673 82.2465
354.492188 72.960 81.9202
354.858398 73.137 81.0400
355.224609 73.187 80.1089
355.590820 73.141 79.5248
355.957031 73.054 79.3766
356.323242 72.949 79.4767
356.689453 72.798 79.6778
357.055664 72.546 80.2414
357.421875 72.186 81.9294
357.788086 71.838 85.6248
358.154297 71.761 91.3652
358.520508 72.167 97.5012
358.886719 72.980 101.7744
359.252930 73.919 103.2981
359.619141 74.763 102.6125
359.985352 75.430 100.6542
360.351562 75.930 98.1330
360.717773 76.305 95.3801
361.083984 76.583 92.4376
361.450195 76.765 89.2632
361.816406 76.827 85.9230
362.182617 76.749 82.6646
362.548828 76.536 79.8563
362.915039 76.225 77.8403
363.281250 75.886 76.7617
363.647461 75.583 76.4670
364.013672 75.349 76.5872
364.379883 75.171 76.7826
364.746094 75.012 76.9391
365.112305 74.847 77.1570
365.478516 74.678 77.5959
365.844727 74.526 78.3270
366.210938 74.413 79.2902
366.577148 74.351 80.3517
366.943359 74.337 81.3832
367.309570 74.368 82.2906
367.675781 74.435 82.9950
368.041992 74.529 83.4208
368.408203 74.636 83.5120
368.774414 74.742 83.2515
369.140625 74.835 82.6505
369.506836 74.907 81.7170
369.873047 74.949 80.4390
370.239258 74.946 78.8064
370.605469 74.878 76.8560
370.971680 74.727 74.7026
371.337891 74.483 72.5261
371.704102 74.154 70.5153
372.070312 73.761 68.7957
372.436523 73.327 67.3790
372.802734 72.868 66.1775
373.168945 72.379 65.0861
373.535156 71.843 64.0755
373.901367 71.242 63.2261
374.267578 70.569 62.6782
374.633789 69.826 62.5487
375.000000 69.013 62.9008
375.366211 68.108 63.8339
375.732422 67.080 65.6783
376.098633 65.918 69.1735
376.464844 64.715 75.3964
376.831055 63.743 85.0068
377.197266 63.355 96.7787
377.563477 63.613 107.7585
377.929688 64.221 116.1310
378.295898 64.890 122.2059
378.662109 65.522 126.9474
379.028320 66.137 130.9098
379.394531 66.758 134.1404
379.760742 67.368 136.5565
380.126953 67.931 138.2652
380.493164 68.436 139.5486
380.859375 68.913 140.6174
381.225586 69.406 141.3922
381.591797 69.931 141.5192
381.958008 70.450 140.6315
382.324219 70.892 138.6095
382.690430 71.189 135.6349
383.056641 71.297 132.0780
383.422852 71.207 128.3550
383.789062 70.933 124.8233
384.155273 70.504 121.7226
384.521484 69.952 119.1600
384.887695 69.297 117.1478
385.253906 68.542 115.6882
385.620117 67.674 114.8735
385.986328 66.679 114.9661
386.352539 65.561 116.4348
386.718750 64.368 119.9148
387.084961 63.232 125.9810
387.451172 62.368 134.5950
387.817383 61.970 144.5637
388.183594 62.044 154.0600
388.549805 62.421 161.9626
388.916016 62.930 168.2076
389.282227 63.485 173.1277
389.648438 64.049 176.9417
390.014648 64.583 179.7454
390.380859 65.034 -178.2633
390.747070 65.361 -176.6501
391.113281 65.570 -174.8240
391.479492 65.728 -172.2947
391.845703 65.946 -169.0057
392.211914 66.312 -165.4849
392.578125 66.826 -162.5188
392.944336 67.405 -160.5865
393.310547 67.961 -159.6482
393.676758 68.446 -159.3715
394.042969 68.862 -159.4481
394.409180 69.230 -159.7672
394.775391 69.562 -160.3988
395.141602 69.843 -161.4463
395.507812 70.044 -162.8971
395.874023 70.134 -164.5770
396.240234 70.102 -166.2062
396.606445 69.961 -167.5001
396.972656 69.740 -168.2575
397.338867 69.474 -168.4024
397.705078 69.192 -167.9554
398.071289 68.909 -166.9546
398.437500 68.637 -165.3848
398.803711 68.397 -163.1815
399.169922 68.230 -160.3256
399.536133 68.188 -156.9790
399.902344 68.311 -153.5549
400.268555 68.597 -150.6183
400.634766 68.991 -148.6505
401.000977 69.408 -147.8536
401.367188 69.767 -148.1173
401.733398 70.007 -149.1025
402.099609 70.103 -150.3562
402.465820 70.066 -151.4194
402.832031 69.937 -151.9409
403.198242 69.782 -151.7946
403.564453 69.662 -151.1408
403.930664 69.602 -150.3406
404.296875 69.583 -149.7327
404.663086 69.562 -149.4445
405.029297 69.500 -149.3739
405.395508 69.378 -149.3030
405.761719 69.201 -149.0210
406.127930 68.981 -148.3752
406.494141 68.734 -147.2339
406.860352 68.481 -145.4243
407.226562 68.268 -142.7545
407.592773 68.178 -139.2020
407.958984 68.307 -135.1838
408.325195 68.695 -131.5811
408.691406 69.285 -129.3065
409.057617 69.949 -128.8166
409.423828 70.567 -130.0441
409.790039 71.051 -132.6308
410.156250 71.355 -136.1437
410.522461 71.455 -140.1678
410.888672 71.340 -144.3086
411.254883 71.006 -148.1523
411.621094 70.465 -151.2211
411.987305 69.756 -152.9624
412.353516 68.974 -152.8538
412.719727 68.273 -150.7252
413.085938 67.823 -147.2010
413.452148 67.687 -143.6477
413.818359 67.756 -141.2675
414.184570 67.847 -140.3234
414.550781 67.826 -140.2616
414.916992 67.655 -140.2196
415.283203 67.389 -139.4515
415.649414 67.139 -137.6562
416.015625 67.016 -135.1448
416.381836 67.054 -132.6039
416.748047 67.206 -130.5488
417.114258 67.410 -129.0338
417.480469 67.643 -127.8560
417.846680 67.928 -126.9343
418.212891 68.290 -126.4948
418.579102 68.710 -126.9173
418.945312 69.125 -128.4253
419.311523 69.463 -130.9270
419.677734 69.674 -134.0892
420.043945 69.748 -137.5088
420.410156 69.705 -140.8633
420.776367 69.582 -143.9995
421.142578 69.411 -146.9377
421.508789 69.204 -149.7891
421.875000 68.954 -152.6323
422.241211 68.648 -155.4299
422.607422 68.278 -158.0319
422.973633 67.857 -160.2470
423.339844 67.421 -161.9377
423.706055 67.012 -163.0978
424.072266 66.677 -163.8843
424.438477 66.444 -164.5946
424.804688 66.315 -165.5927
425.170898 66.268 -167.2063
425.537109 66.256 -169.6293
425.903320 66.230 -172.8720
426.269531 66.152 -176.7842
426.635742 66.008 178.8600
427.001953 65.808 174.2429
427.368164 65.578 169.3922
427.734375 65.334 164.1399
428.100586 65.067 158.2018
428.466797 64.730 151.3427
428.833008 64.254 143.5147
429.199219 63.572 134.8959
429.565430 62.629 125.8494
429.931641 61.397 116.8596
430.297852 59.885 108.4618
430.664062 58.144 101.1299
431.030273 56.274 95.0676
431.396484 54.398 89.9507
431.762695 52.603 84.8964
432.128906 50.909 78.8926
432.495117 49.347 71.3130
432.861328 48.088 61.9593
433.227539 47.480 50.7788
433.593750 47.837 37.8729
433.959961 49.110 23.8232
434.326172 50.899 9.5168
434.692383 52.779 -4.3392
435.058594 54.490 -17.3015
435.424805 55.929 -29.0611
435.791016 57.099 -39.3868
436.157227 58.059 -48.1664
436.523438 58.892 -55.4848
436.889648 59.673 -61.6550
437.255859 60.443 -67.1204
437.622070 61.200 -72.2657
437.988281 61.923 -77.2828
438.354492 62.595 -82.1860
438.720703 63.217 -86.9285
439.086914 63.799 -91.5146
439.453125 64.352 -96.0356
439.819336 64.872 -100.6195
440.185547 65.343 -105.3489
440.551758 65.745 -110.2123
440.917969 66.063 -115.1194
441.284180 66.297 -119.9549
441.650391 66.450 -124.6282
442.016602 66.530 -129.0840
442.382812 66.539 -133.2695
442.749023 66.481 -137.0862
443.115234 66.366 -140.3783
443.481445 66.227 -142.9983
443.847656 66.113 -144.9380
444.213867 66.071 -146.4343
444.580078 66.111 -147.9070
444.946289 66.194 -149.7075
445.312500 66.250 -151.8840
445.678711 66.228 -154.1506
446.044922 66.119 -156.0461
446.411133 65.967 -157.1753
446.777344 65.851 -157.4462
447.143555 65.842 -157.1741
447.509766 65.961 -156.9208
447.875977 66.170 -157.1705
448.242188 66.409 -158.1460
448.608398 66.623 -159.8601
448.974609 66.767 -162.2390
449.340820 66.804 -165.1680
449.707031 66.697 -168.4608
450.073242 66.414 -171.8170
450.439453 65.945 -174.8204
450.805664 65.304 -176.9888
451.171875 64.544 -177.8672
451.538086 63.751 -177.1458
451.904297 63.035 -174.7710
452.270508 62.513 -171.0276
452.636719 62.285 -166.6108
453.002930 62.383 -162.5903
453.369141 62.736 -160.0453
453.735352 63.184 -159.5272
454.101562 63.566 -160.8726
454.467773 63.771 -163.4270
454.833984 63.763 -166.3574
455.200195 63.571 -168.8965
455.566406 63.279 -170.5647
455.932617 62.991 -171.3770
456.298828 62.767 -171.8401
456.665039 62.578 -172.5713
457.031250 62.326 -173.7953
457.397461 61.913 -175.1600
457.763672 61.305 -175.9126
458.129883 60.568 -175.2933
458.496094 59.851 -173.1289
458.862305 59.278 -170.3075
459.228516 58.784 -168.2444
459.594727 58.110 -167.5029
459.960938 56.956 -167.0623
460.327148 55.132 -164.2239
460.693359 52.800 -154.4275
461.059570 51.045 -134.4893
461.425781 50.924 -112.2881
461.791992 51.429 -94.1613
462.158203 52.213 -74.4832
462.524414 54.435 -54.7957
462.890625 57.689 -45.2799
463.256836 60.604 -45.8011
463.623047 62.710 -51.7542
463.989258 63.991 -59.9237
464.355469 64.531 -68.1916
464.721680 64.455 -74.7925
465.087891 63.994 -78.0898
465.454102 63.559 -77.3159
465.820312 63.600 -74.2029
466.186523 64.144 -72.2825
466.552734 64.808 -73.2203
466.918945 65.270 -76.1487
467.285156 65.445 -79.4547
467.651367 65.421 -81.9078
468.017578 65.359 -83.1367
468.383789 65.382 -83.6671
468.750000 65.478 -84.2762
469.116211 65.549 -85.1561
469.482422 65.532 -85.7672
469.848633 65.471 -85.3674
470.214844 65.512 -83.7487
470.581055 65.786 -81.6559
470.947266 66.285 -80.2899
471.313477 66.877 -80.3295
471.679688 67.426 -81.6560
472.045898 67.868 -83.7703
472.412109 68.200 -86.2125
472.778320 68.447 -88.7359
473.144531 68.638 -91.3000
473.510742 68.786 -93.9806
473.876953 68.889 -96.8760
474.243164 68.927 -100.0413
474.609375 68.874 -103.4435
474.975586 68.700 -106.9211
475.341797 68.387 -110.1601
475.708008 67.942 -112.7206
476.074219 67.419 -114.1608
476.440430 66.919 -114.2855
476.806641 66.553 -113.4108
477.172852 66.373 -112.3162
477.539062 66.330 -111.7438
477.905273 66.329 -111.9374
478.271484 66.295 -112.6699
478.637695 66.208 -113.5721
479.003906 66.087 -114.4031
479.370117 65.957 -115.1152
479.736328 65.830 -115.7479
480.102539 65.709 -116.3083
480.468750 65.611 -116.7914
480.834961 65.558 -117.3124
481.201172 65.554 -118.1584
481.567383 65.563 -119.6226
481.933594 65.518 -121.7471
482.299805 65.356 -124.2212
482.666016 65.063 -126.5035
483.032227 64.682 -128.0874
483.398438 64.302 -128.7999
483.764648 63.999 -128.9375
484.130859 63.782 -129.0123
484.497070 63.601 -129.2766
484.863281 63.410 -129.5393
485.229492 63.226 -129.4519
485.595703 63.114 -128.9723
485.961914 63.120 -128.5464
486.328125 63.206 -128.7351
486.694336 63.275 -129.6604
487.060547 63.249 -130.8784
487.426758 63.132 -131.7065
487.792969 63.004 -131.7029
488.159180 62.968 -131.0042
488.525391 63.065 -130.1846
488.891602 63.251 -129.6663
489.257812 63.474 -129.3542
489.624023 63.746 -128.9130
489.990234 64.144 -128.3536
490.356445 64.724 -128.3053
490.722656 65.436 -129.5806
491.088867 66.150 -132.5126
491.455078 66.745 -136.8046
491.821289 67.158 -141.8204
492.187500 67.392 -146.9061
492.553711 67.493 -151.5973
492.919922 67.529 -155.7273
493.286133 67.554 -159.4147
493.652344 67.589 -162.9094
494.018555 67.622 -166.3896
494.384766 67.635 -169.8690
494.750977 67.624 -173.2676
495.117188 67.604 -176.5530
495.483398 67.588 -179.8228
495.849609 67.569 176.7478
496.215820 67.518 173.0510
496.582031 67.395 169.1659
496.948242 67.172 165.3698
497.314453 66.857 162.0471
497.680664 66.497 159.5276
498.046875 66.174 157.8855
498.413086 65.967 156.7959
498.779297 65.903 155.6272
499.145508 65.939 153.7876
499.511719 65.989 151.0388
499.877930 65.975 147.5360
